42.37455870 -71.80676890
42.37455860 -71.80676850
42.37455880 -71.80676830
42.37455870 -71.80676810
42.37455870 -71.80676790
42.37455870 -71.80676760
42.37455880 -71.80676730
42.37455880 -71.80676720
42.37455890 -71.80676680
42.37455900 -71.80676660
42.37455910 -71.80676630
42.37455920 -71.80676600
42.37455920 -71.80676580
42.37455920 -71.80676560
42.37455900 -71.80676530
42.37455890 -71.80676530
42.37455890 -71.80676520
42.37455890 -71.80676510
42.37455870 -71.80676500
42.37455870 -71.80676460
42.37455840 -71.80676450
42.37455800 -71.80676430
42.37455770 -71.80676420
42.37455730 -71.80676420
42.37455700 -71.80676400
42.37455670 -71.80676380
42.37455650 -71.80676370
42.37455620 -71.80676370
42.37455580 -71.80676390
42.37455540 -71.80676390
42.37455520 -71.80676390
42.37455490 -71.80676380
42.37455470 -71.80676390
42.37455460 -71.80676380
42.37455450 -71.80676380
42.37455420 -71.80676380
42.37455400 -71.80676370
42.37455390 -71.80676370
42.37455360 -71.80676350
42.37455350 -71.80676350
42.37455330 -71.80676360
42.37455310 -71.80676340
42.37455330 -71.80676340
42.37455300 -71.80676310
42.37455300 -71.80676290
42.37455290 -71.80676280
42.37455280 -71.80676260
42.37455290 -71.80676240
42.37455270 -71.80676230
42.37455270 -71.80676200
42.37455270 -71.80676170
42.37455250 -71.80676180
42.37455250 -71.80676160
42.37455250 -71.80676140
42.37455250 -71.80676130
42.37455250 -71.80676120
42.37455240 -71.80676120
42.37455240 -71.80676100
42.37455240 -71.80676090
42.37455240 -71.80676050
42.37455250 -71.80676040
42.37455250 -71.80676030
42.37455240 -71.80676000
42.37455230 -71.80675970
42.37455230 -71.80675930
42.37455230 -71.80675880
42.37455220 -71.80675860
42.37455220 -71.80675820
42.37455210 -71.80675800
42.37455210 -71.80675750
42.37455210 -71.80675710
42.37455190 -71.80675680
42.37455180 -71.80675650
42.37455180 -71.80675610
42.37455170 -71.80675550
42.37455170 -71.80675510
42.37455180 -71.80675470
42.37455180 -71.80675430
42.37455180 -71.80675420
42.37455170 -71.80675400
42.37455170 -71.80675380
42.37455160 -71.80675350
42.37455160 -71.80675330
42.37455150 -71.80675310
42.37455140 -71.80675290
42.37455140 -71.80675280
42.37455120 -71.80675270
42.37455130 -71.80675260
42.37455130 -71.80675250
42.37455140 -71.80675250
42.37455130 -71.80675260
42.37455160 -71.80675230
42.37455160 -71.80675230
42.37455150 -71.80675240
42.37455140 -71.80675230
42.37455140 -71.80675230
42.37455140 -71.80675230
42.37455120 -71.80675230
42.37455120 -71.80675250
42.37455130 -71.80675260
42.37455120 -71.80675250
42.37455120 -71.80675260
42.37455120 -71.80675270
42.37455120 -71.80675270
42.37455130 -71.80675280
42.37455120 -71.80675300
42.37455110 -71.80675330
42.37455130 -71.80675340
42.37455130 -71.80675380
42.37455140 -71.80675420
42.37455150 -71.80675450
42.37455160 -71.80675480
42.37455170 -71.80675510
42.37455170 -71.80675530
42.37455180 -71.80675570
42.37455190 -71.80675590
42.37455190 -71.80675620
42.37455190 -71.80675640
42.37455180 -71.80675680
42.37455190 -71.80675720
42.37455170 -71.80675770
42.37455180 -71.80675810
42.37455180 -71.80675840
42.37455190 -71.80675890
42.37455200 -71.80675940
42.37455180 -71.80675980
42.37455190 -71.80676020
42.37455190 -71.80676080
42.37455180 -71.80676130
42.37455170 -71.80676170
42.37455180 -71.80676230
42.37455150 -71.80676290
42.37455150 -71.80676310
42.37455160 -71.80676350
42.37455160 -71.80676370
42.37455160 -71.80676400
42.37455170 -71.80676450
42.37455190 -71.80676480
42.37455210 -71.80676490
42.37455220 -71.80676510
42.37455240 -71.80676540
42.37455260 -71.80676550
42.37455270 -71.80676570
42.37455290 -71.80676600
42.37455310 -71.80676610
42.37455350 -71.80676630
42.37455350 -71.80676670
42.37455350 -71.80676700
42.37455370 -71.80676710
42.37455360 -71.80676740
42.37455390 -71.80676750
42.37455370 -71.80676790
42.37455400 -71.80676810
42.37455410 -71.80676830
42.37455410 -71.80676860
42.37455430 -71.80676870
42.37455440 -71.80676890
42.37455470 -71.80676910
42.37455480 -71.80676920
42.37455510 -71.80676950
42.37455520 -71.80676970
42.37455520 -71.80676980
42.37455550 -71.80677010
42.37455570 -71.80677020
42.37455600 -71.80677030
42.37455620 -71.80677040
42.37455650 -71.80677040
42.37455670 -71.80677060
42.37455690 -71.80677070
42.37455730 -71.80677080
42.37455740 -71.80677080
42.37455750 -71.80677100
42.37455790 -71.80677120
42.37455840 -71.80677150
42.37455870 -71.80677170
42.37455910 -71.80677190
42.37455960 -71.80677230
42.37455980 -71.80677240
42.37456020 -71.80677280
42.37456070 -71.80677330
42.37456110 -71.80677390
42.37456150 -71.80677420
42.37456190 -71.80677440
42.37456210 -71.80677460
42.37456230 -71.80677470
42.37456260 -71.80677480
42.37456270 -71.80677490
42.37456290 -71.80677490
42.37456300 -71.80677500
42.37456310 -71.80677490
42.37456310 -71.80677490
42.37456300 -71.80677490
42.37456320 -71.80677480
42.37456320 -71.80677480
42.37456330 -71.80677470
42.37456330 -71.80677440
42.37456360 -71.80677430
42.37456370 -71.80677420
42.37456390 -71.80677390
42.37456400 -71.80677390
42.37456420 -71.80677380
42.37456440 -71.80677350
42.37456450 -71.80677340
42.37456480 -71.80677310
42.37456480 -71.80677290
42.37456490 -71.80677280
42.37456510 -71.80677260
42.37456510 -71.80677230
42.37456510 -71.80677190
42.37456530 -71.80677160
42.37456550 -71.80677130
42.37456550 -71.80677110
42.37456570 -71.80677090
42.37456590 -71.80677040
42.37456600 -71.80677030
42.37456610 -71.80677000
42.37456620 -71.80676960
42.37456640 -71.80676960
42.37456650 -71.80676940
42.37456670 -71.80676910
42.37456670 -71.80676890
42.37456680 -71.80676870
42.37456680 -71.80676850
42.37456690 -71.80676820
42.37456700 -71.80676800
42.37456690 -71.80676800
42.37456710 -71.80676790
42.37456700 -71.80676790
42.37456710 -71.80676770
42.37456710 -71.80676750
42.37456700 -71.80676770
42.37456700 -71.80676740
42.37456710 -71.80676730
42.37456710 -71.80676720
42.37456690 -71.80676700
42.37456690 -71.80676700
42.37456680 -71.80676710
42.37456670 -71.80676700
42.37456660 -71.80676680
42.37456680 -71.80676680
42.37456660 -71.80676660
42.37456660 -71.80676640
42.37456650 -71.80676640
42.37456640 -71.80676610
42.37456640 -71.80676600
42.37456620 -71.80676580
42.37456610 -71.80676550
42.37456600 -71.80676540
42.37456570 -71.80676530
42.37456580 -71.80676500
42.37456560 -71.80676500
42.37456570 -71.80676490
42.37456560 -71.80676500
42.37456540 -71.80676500
42.37456520 -71.80676520
42.37456500 -71.80676530
42.37456460 -71.80676530
42.37456440 -71.80676530
42.37456420 -71.80676520
42.37456380 -71.80676510
42.37456360 -71.80676500
42.37456330 -71.80676520
42.37456310 -71.80676520
42.37456310 -71.80676520
42.37456300 -71.80676510
42.37456280 -71.80676510
42.37456270 -71.80676500
42.37456260 -71.80676500
42.37456260 -71.80676480
42.37456250 -71.80676470
42.37456250 -71.80676460
42.37456250 -71.80676430
42.37456250 -71.80676420
42.37456240 -71.80676410
42.37456220 -71.80676410
42.37456230 -71.80676400
42.37456200 -71.80676390
42.37456210 -71.80676380
42.37456200 -71.80676370
42.37456190 -71.80676350
42.37456210 -71.80676330
42.37456220 -71.80676320
42.37456220 -71.80676310
42.37456240 -71.80676300
42.37456260 -71.80676270
42.37456270 -71.80676250
42.37456290 -71.80676230
42.37456300 -71.80676200
42.37456300 -71.80676170
42.37456300 -71.80676140
42.37456320 -71.80676090
42.37456330 -71.80676050
42.37456340 -71.80676010
42.37456340 -71.80675980
42.37456350 -71.80675930
42.37456360 -71.80675890
42.37456390 -71.80675850
42.37456380 -71.80675810
42.37456390 -71.80675790
42.37456400 -71.80675770
42.37456390 -71.80675730
42.37456390 -71.80675720
42.37456390 -71.80675700
42.37456390 -71.80675680
42.37456380 -71.80675660
42.37456380 -71.80675650
42.37456360 -71.80675630
42.37456360 -71.80675630
42.37456330 -71.80675620
42.37456330 -71.80675610
42.37456330 -71.80675600
42.37456330 -71.80675570
42.37456330 -71.80675570
42.37456310 -71.80675550
42.37456310 -71.80675540
42.37456300 -71.80675530
42.37456310 -71.80675500
42.37456300 -71.80675500
42.37456290 -71.80675490
42.37456300 -71.80675480
42.37456320 -71.80675490
42.37456310 -71.80675470
42.37456320 -71.80675490
42.37456310 -71.80675490
42.37456320 -71.80675490
42.37456300 -71.80675500
42.37456310 -71.80675500
42.37456310 -71.80675520
42.37456280 -71.80675520
42.37456290 -71.80675520
42.37456270 -71.80675550
42.37456280 -71.80675550
42.37456270 -71.80675560
42.37456270 -71.80675570
42.37456280 -71.80675590
42.37456270 -71.80675610
42.37456270 -71.80675620
42.37456260 -71.80675630
42.37456270 -71.80675640
42.37456260 -71.80675660
42.37456260 -71.80675670
42.37456250 -71.80675680
42.37456250 -71.80675720
42.37456230 -71.80675730
42.37456200 -71.80675740
42.37456200 -71.80675770
42.37456190 -71.80675770
42.37456140 -71.80675800
42.37456120 -71.80675830
42.37456100 -71.80675870
42.37456090 -71.80675890
42.37456050 -71.80675920
42.37456030 -71.80675950
42.37456000 -71.80675980
42.37455990 -71.80676000
42.37455960 -71.80676030
42.37455970 -71.80676040
42.37455970 -71.80676070
42.37455940 -71.80676080
42.37455930 -71.80676110
42.37455910 -71.80676130
42.37455900 -71.80676150
42.37455860 -71.80676170
42.37455880 -71.80676180
42.37455870 -71.80676210
42.37455860 -71.80676220
42.37455850 -71.80676240
42.37455880 -71.80676260
42.37455860 -71.80676270
42.37455850 -71.80676290
42.37455860 -71.80676300
42.37455910 -71.80676310
42.37455890 -71.80676320
42.37455890 -71.80676330
42.37455870 -71.80676350
42.37455850 -71.80676370
42.37455830 -71.80676390
42.37455820 -71.80676400
42.37455820 -71.80676400
42.37455810 -71.80676410
42.37455800 -71.80676400
42.37455800 -71.80676410
42.37455790 -71.80676420
42.37455780 -71.80676430
42.37455780 -71.80676430
42.37455780 -71.80676450
42.37455760 -71.80676460
42.37455780 -71.80676460
42.37455780 -71.80676480
42.37455770 -71.80676470
42.37455770 -71.80676490
42.37455760 -71.80676490
42.37455770 -71.80676500
42.37455750 -71.80676520
42.37455740 -71.80676550
42.37455730 -71.80676570
42.37455720 -71.80676570
42.37455710 -71.80676590
42.37455730 -71.80676610
42.37455710 -71.80676620
42.37455700 -71.80676620
42.37455730 -71.80676620
42.37455720 -71.80676620
42.37455730 -71.80676630
42.37455720 -71.80676630
42.37455740 -71.80676630
42.37455720 -71.80676620
42.37455730 -71.80676630
42.37455720 -71.80676630
42.37455710 -71.80676640
42.37455710 -71.80676650
42.37455700 -71.80676640
42.37455700 -71.80676660
42.37455700 -71.80676660
42.37455700 -71.80676660
42.37455690 -71.80676670
42.37455690 -71.80676660
42.37455700 -71.80676660
42.37455670 -71.80676680
42.37455680 -71.80676700
42.37455650 -71.80676700
42.37455660 -71.80676700
42.37455650 -71.80676710
42.37455650 -71.80676710
42.37455630 -71.80676710
42.37455620 -71.80676700
42.37455610 -71.80676720
42.37455590 -71.80676720
42.37455580 -71.80676730
42.37455550 -71.80676750
42.37455510 -71.80676750
42.37455470 -71.80676760
42.37455460 -71.80676770
42.37455420 -71.80676790
42.37455360 -71.80676810
42.37455350 -71.80676830
42.37455340 -71.80676850
42.37455320 -71.80676860
42.37455260 -71.80676880
42.37455230 -71.80676910
42.37455200 -71.80676920
42.37455170 -71.80676950
42.37455180 -71.80676980
42.37455180 -71.80677010
42.37455240 -71.80677040
42.37455240 -71.80677080
42.37455240 -71.80677120
42.37455270 -71.80677150
42.37455300 -71.80677190
42.37455330 -71.80677250
42.37455290 -71.80677290
42.37455270 -71.80677320
42.37455230 -71.80677370
42.37455250 -71.80677400
42.37455230 -71.80677460
42.37455220 -71.80677500
42.37455190 -71.80677560
42.37455150 -71.80677630
42.37455150 -71.80677690
42.37455140 -71.80677760
42.37455090 -71.80677810
42.37455080 -71.80677870
42.37455100 -71.80677930
42.37455080 -71.80678000
42.37455100 -71.80678070
42.37455100 -71.80678140
42.37455080 -71.80678200
42.37455060 -71.80678220
42.37455040 -71.80678300
42.37455050 -71.80678370
42.37455020 -71.80678440
42.37454980 -71.80678510
42.37454980 -71.80678580
42.37454960 -71.80678660
42.37454950 -71.80678730
42.37454930 -71.80678790
42.37454870 -71.80678860
42.37454830 -71.80678930
42.37454810 -71.80679010
42.37454790 -71.80679080
42.37454770 -71.80679140
42.37454740 -71.80679210
42.37454770 -71.80679270
42.37454770 -71.80679320
42.37454750 -71.80679380
42.37454700 -71.80679420
42.37454680 -71.80679460
42.37454680 -71.80679520
42.37454670 -71.80679580
42.37454670 -71.80679620
42.37454640 -71.80679670
42.37454640 -71.80679730
42.37454620 -71.80679770
42.37454640 -71.80679830
42.37454620 -71.80679880
42.37454560 -71.80679930
42.37454550 -71.80679990
42.37454540 -71.80680050
42.37454520 -71.80680100
42.37454470 -71.80680150
42.37454420 -71.80680210
42.37454410 -71.80680270
42.37454390 -71.80680320
42.37454350 -71.80680390
42.37454290 -71.80680490
42.37454280 -71.80680560
42.37454260 -71.80680650
42.37454210 -71.80680730
42.37454220 -71.80680810
42.37454230 -71.80680890
42.37454200 -71.80680970
42.37454220 -71.80681020
42.37454240 -71.80681060
42.37454250 -71.80681100
42.37454210 -71.80681140
42.37454160 -71.80681170
42.37454180 -71.80681200
42.37454170 -71.80681230
42.37454190 -71.80681280
42.37454140 -71.80681310
42.37454130 -71.80681340
42.37454110 -71.80681370
42.37454130 -71.80681390
42.37454100 -71.80681410
42.37454070 -71.80681430
42.37454080 -71.80681440
42.37454060 -71.80681440
42.37454050 -71.80681460
42.37454040 -71.80681460
42.37454000 -71.80681470
42.37454040 -71.80681470
42.37454010 -71.80681490
42.37453910 -71.80681490
42.37453880 -71.80681490
42.37453860 -71.80681500
42.37453850 -71.80681510
42.37453820 -71.80681510
42.37453780 -71.80681520
42.37453770 -71.80681530
42.37453800 -71.80681540
42.37453820 -71.80681540
42.37453840 -71.80681550
42.37453830 -71.80681570
42.37453840 -71.80681580
42.37453850 -71.80681580
42.37453840 -71.80681580
42.37453830 -71.80681590
42.37453800 -71.80681600
42.37453800 -71.80681590
42.37453780 -71.80681590
42.37453820 -71.80681580
42.37453800 -71.80681580
42.37453790 -71.80681570
42.37453810 -71.80681580
42.37453810 -71.80681570
42.37453800 -71.80681570
42.37453800 -71.80681570
42.37453830 -71.80681560
42.37453830 -71.80681560
42.37453900 -71.80681530
42.37453940 -71.80681490
42.37453950 -71.80681450
42.37453970 -71.80681420
42.37453980 -71.80681370
42.37454000 -71.80681330
42.37454030 -71.80681310
42.37454030 -71.80681280
42.37454010 -71.80681260
42.37454060 -71.80681240
42.37454090 -71.80681200
42.37454120 -71.80681190
42.37454160 -71.80681180
42.37454200 -71.80681150
42.37454180 -71.80681150
42.37454180 -71.80681140
42.37454200 -71.80681130
42.37454210 -71.80681120
42.37454200 -71.80681120
42.37454210 -71.80681120
42.37454210 -71.80681120
42.37454230 -71.80681100
42.37454240 -71.80681100
42.37454220 -71.80681080
42.37454200 -71.80681070
42.37454200 -71.80681080
42.37454210 -71.80681060
42.37454220 -71.80681040
42.37454220 -71.80681030
42.37454230 -71.80681020
42.37454230 -71.80680980
42.37454240 -71.80680970
42.37454260 -71.80680960
42.37454250 -71.80680950
42.37454270 -71.80680920
42.37454240 -71.80680910
42.37454260 -71.80680890
42.37454280 -71.80680880
42.37454270 -71.80680880
42.37454290 -71.80680860
42.37454280 -71.80680860
42.37454270 -71.80680850
42.37454280 -71.80680840
42.37454280 -71.80680840
42.37454300 -71.80680830
42.37454300 -71.80680820
42.37454320 -71.80680810
42.37454310 -71.80680800
42.37454330 -71.80680810
42.37454330 -71.80680790
42.37454370 -71.80680780
42.37454380 -71.80680760
42.37454400 -71.80680740
42.37454430 -71.80680730
42.37454450 -71.80680720
42.37454450 -71.80680690
42.37454500 -71.80680660
42.37454550 -71.80680630
42.37454590 -71.80680610
42.37454620 -71.80680580
42.37454660 -71.80680550
42.37454690 -71.80680530
42.37454740 -71.80680500
42.37454760 -71.80680490
42.37454810 -71.80680450
42.37454880 -71.80680420
42.37454880 -71.80680390
42.37454940 -71.80680370
42.37454970 -71.80680350
42.37455010 -71.80680310
42.37455050 -71.80680280
42.37455060 -71.80680290
42.37455100 -71.80680270
42.37455120 -71.80680270
42.37455160 -71.80680260
42.37455180 -71.80680240
42.37455220 -71.80680250
42.37455240 -71.80680230
42.37455270 -71.80680230
42.37455290 -71.80680230
42.37455310 -71.80680210
42.37455340 -71.80680210
42.37455370 -71.80680190
42.37455400 -71.80680180
42.37455410 -71.80680180
42.37455450 -71.80680180
42.37455500 -71.80680150
42.37455520 -71.80680130
42.37455570 -71.80680130
42.37455600 -71.80680130
42.37455650 -71.80680110
42.37455670 -71.80680110
42.37455720 -71.80680090
42.37455750 -71.80680080
42.37455800 -71.80680060
42.37455840 -71.80680060
42.37455860 -71.80680060
42.37455910 -71.80680050
42.37455970 -71.80680040
42.37455990 -71.80680040
42.37456050 -71.80680020
42.37456070 -71.80680020
42.37456100 -71.80680020
42.37456130 -71.80680000
42.37456140 -71.80680000
42.37456160 -71.80679990
42.37456190 -71.80679980
42.37456220 -71.80679970
42.37456220 -71.80679950
42.37456260 -71.80679940
42.37456280 -71.80679930
42.37456300 -71.80679940
42.37456310 -71.80679910
42.37456370 -71.80679920
42.37456360 -71.80679900
42.37456380 -71.80679900
42.37456400 -71.80679880
42.37456420 -71.80679870
42.37456410 -71.80679850
42.37456440 -71.80679820
42.37456440 -71.80679810
42.37456430 -71.80679800
42.37456430 -71.80679780
42.37456430 -71.80679770
42.37456420 -71.80679750
42.37456420 -71.80679710
42.37456420 -71.80679700
42.37456430 -71.80679690
42.37456420 -71.80679670
42.37456420 -71.80679650
42.37456420 -71.80679640
42.37456420 -71.80679620
42.37456400 -71.80679610
42.37456410 -71.80679580
42.37456400 -71.80679570
42.37456380 -71.80679550
42.37456380 -71.80679530
42.37456390 -71.80679530
42.37456360 -71.80679500
42.37456380 -71.80679480
42.37456370 -71.80679460
42.37456380 -71.80679430
42.37456370 -71.80679430
42.37456350 -71.80679390
42.37456350 -71.80679360
42.37456340 -71.80679320
42.37456310 -71.80679290
42.37456320 -71.80679270
42.37456280 -71.80679230
42.37456280 -71.80679200
42.37456250 -71.80679180
42.37456240 -71.80679170
42.37456260 -71.80679110
42.37456240 -71.80679110
42.37456250 -71.80679080
42.37456260 -71.80679050
42.37456210 -71.80679030
42.37456130 -71.80679010
42.37456220 -71.80678980
42.37456250 -71.80678960
42.37456240 -71.80678950
42.37456250 -71.80678920
42.37456040 -71.80678880
42.37456070 -71.80678860
42.37456030 -71.80678830
42.37456030 -71.80678810
42.37456050 -71.80678780
42.37456050 -71.80678740
42.37456040 -71.80678710
42.37456040 -71.80678680
42.37456040 -71.80678660
42.37455860 -71.80678620
42.37455870 -71.80678600
42.37455840 -71.80678580
42.37455840 -71.80678540
42.37455820 -71.80678500
42.37455800 -71.80678470
42.37455790 -71.80678430
42.37455740 -71.80678400
42.37455740 -71.80678390
42.37455700 -71.80678340
42.37455690 -71.80678320
42.37455650 -71.80678280
42.37455620 -71.80678260
42.37455600 -71.80678250
42.37455540 -71.80678270
42.37455570 -71.80678170
42.37455540 -71.80678150
42.37455460 -71.80678120
42.37455410 -71.80678090
42.37455370 -71.80678070
42.37455320 -71.80678050
42.37455270 -71.80678020
42.37455220 -71.80678000
42.37455180 -71.80677980
42.37455130 -71.80677950
42.37455090 -71.80677930
42.37455050 -71.80677900
42.37455000 -71.80677880
42.37454960 -71.80677860
42.37454910 -71.80677830
42.37454870 -71.80677810
42.37454820 -71.80677780
42.37454780 -71.80677760
42.37454730 -71.80677730
42.37454690 -71.80677710
42.37454640 -71.80677690
42.37454600 -71.80677660
42.37454550 -71.80677640
42.37454510 -71.80677610
42.37454460 -71.80677590
42.37454420 -71.80677570
42.37454380 -71.80677540
42.37454330 -71.80677520
42.37454290 -71.80677490
42.37454240 -71.80677470
42.37454200 -71.80677450
42.37454150 -71.80677420
42.37454110 -71.80677400
42.37454060 -71.80677370
42.37454020 -71.80677350
42.37453970 -71.80677320
42.37453930 -71.80677300
42.37453880 -71.80677280
42.37453840 -71.80677250
42.37453790 -71.80677230
42.37453750 -71.80677200
42.37453710 -71.80677180
42.37453660 -71.80677160
42.37453620 -71.80677130
42.37453570 -71.80677110
42.37453530 -71.80677080
42.37453480 -71.80677060
42.37453440 -71.80677040
42.37453390 -71.80677010
42.37453350 -71.80676990
42.37453300 -71.80676960
42.37453260 -71.80676940
42.37453210 -71.80676910
42.37453170 -71.80676890
42.37453120 -71.80676870
42.37453080 -71.80676840
42.37453040 -71.80676820
42.37452990 -71.80676790
42.37452990 -71.80676790
42.37452990 -71.80676790
42.37452990 -71.80676790
42.37452990 -71.80679620
42.37454560 -71.80681040
42.37453530 -71.80678710
42.37451110 -71.80677380
42.37450960 -71.80677560
42.37450810 -71.80677750
42.37450670 -71.80677930
42.37446810 -71.80682430
42.37446650 -71.80682680
42.37447320 -71.80683450
42.37447980 -71.80683460
42.37447790 -71.80683600
42.37446990 -71.80684120
42.37447180 -71.80683660
42.37446620 -71.80683300
42.37447170 -71.80683170
42.37446770 -71.80683230
42.37447050 -71.80683460
42.37447270 -71.80683650
42.37446960 -71.80684280
42.37446590 -71.80684730
42.37446350 -71.80685160
42.37445890 -71.80685600
42.37445330 -71.80685990
42.37445110 -71.80686220
42.37444990 -71.80686460
42.37444880 -71.80686580
42.37444810 -71.80686610
42.37444970 -71.80686600
42.37445290 -71.80686730
42.37445440 -71.80686850
42.37445640 -71.80686970
42.37445920 -71.80687040
42.37446100 -71.80687090
42.37446330 -71.80687020
42.37446470 -71.80686930
42.37446770 -71.80686840
42.37446940 -71.80686790
42.37447120 -71.80686790
42.37447200 -71.80686830
42.37447350 -71.80686830
42.37447500 -71.80686790
42.37447450 -71.80686820
42.37447450 -71.80686770
42.37447450 -71.80686730
42.37447560 -71.80686650
42.37447610 -71.80686630
42.37447630 -71.80686590
42.37447690 -71.80686580
42.37447810 -71.80686560
42.37447970 -71.80686530
42.37448180 -71.80686450
42.37448360 -71.80686360
42.37448530 -71.80686260
42.37448690 -71.80686200
42.37448800 -71.80686190
42.37449000 -71.80686150
42.37449110 -71.80686100
42.37449230 -71.80686090
42.37449380 -71.80686050
42.37449570 -71.80686020
42.37449730 -71.80685970
42.37449850 -71.80685950
42.37449990 -71.80685930
42.37450050 -71.80685890
42.37450100 -71.80685870
42.37450220 -71.80685800
42.37450210 -71.80685820
42.37450300 -71.80685770
42.37450430 -71.80685650
42.37450390 -71.80685660
42.37450420 -71.80685590
42.37450720 -71.80685340
42.37450670 -71.80685290
42.37450610 -71.80685410
42.37450670 -71.80685280
42.37450680 -71.80685240
42.37450640 -71.80685210
42.37450550 -71.80685250
42.37450300 -71.80685270
42.37450070 -71.80685340
42.37449930 -71.80685420
42.37449930 -71.80685390
42.37449830 -71.80685320
42.37449750 -71.80685340
42.37449610 -71.80685500
42.37449210 -71.80685660
42.37449090 -71.80685760
42.37448710 -71.80685930
42.37448660 -71.80685950
42.37448590 -71.80686030
42.37448450 -71.80686030
42.37448340 -71.80686010
42.37448250 -71.80686060
42.37448290 -71.80686030
42.37448310 -71.80686040
42.37448320 -71.80686120
42.37448200 -71.80686170
42.37448090 -71.80686250
42.37448000 -71.80686290
42.37447970 -71.80686280
42.37447870 -71.80686300
42.37447750 -71.80686270
42.37447640 -71.80686280
42.37447640 -71.80686260
42.37447620 -71.80686270
42.37447640 -71.80686310
42.37447660 -71.80686360
42.37447660 -71.80686390
42.37447670 -71.80686420
42.37447690 -71.80686470
42.37447690 -71.80686510
42.37447660 -71.80686530
42.37447640 -71.80686560
42.37447620 -71.80686570
42.37447600 -71.80686620
42.37447590 -71.80686640
42.37447570 -71.80686680
42.37447520 -71.80686730
42.37447500 -71.80686770
42.37447460 -71.80686810
42.37447430 -71.80686860
42.37447390 -71.80686910
42.37447340 -71.80686980
42.37447290 -71.80687090
42.37447240 -71.80687210
42.37447180 -71.80687340
42.37447140 -71.80687480
42.37447110 -71.80687630
42.37447070 -71.80687760
42.37447050 -71.80687880
42.37447010 -71.80687990
42.37446990 -71.80688080
42.37446960 -71.80688170
42.37446920 -71.80688270
42.37446880 -71.80688360
42.37446850 -71.80688470
42.37446810 -71.80688570
42.37446790 -71.80688640
42.37446760 -71.80688720
42.37446740 -71.80688820
42.37446720 -71.80688910
42.37446710 -71.80689010
42.37446700 -71.80689100
42.37446680 -71.80689190
42.37446670 -71.80689280
42.37446670 -71.80689390
42.37446680 -71.80689470
42.37446690 -71.80689550
42.37446700 -71.80689620
42.37446700 -71.80689700
42.37446710 -71.80689780
42.37446730 -71.80689870
42.37446740 -71.80689940
42.37446760 -71.80690010
42.37446770 -71.80690050
42.37446780 -71.80690110
42.37446780 -71.80690160
42.37446790 -71.80690210
42.37446800 -71.80690270
42.37446790 -71.80690320
42.37446790 -71.80690370
42.37446800 -71.80690420
42.37446800 -71.80690480
42.37446810 -71.80690550
42.37446810 -71.80690600
42.37446810 -71.80690670
42.37446810 -71.80690720
42.37446810 -71.80690790
42.37446800 -71.80690880
42.37446780 -71.80690960
42.37446760 -71.80691040
42.37446760 -71.80691130
42.37446740 -71.80691210
42.37446710 -71.80691300
42.37446710 -71.80691360
42.37446710 -71.80691420
42.37446680 -71.80691500
42.37446670 -71.80691550
42.37446680 -71.80691600
42.37446670 -71.80691630
42.37446650 -71.80691680
42.37446640 -71.80691720
42.37446620 -71.80691760
42.37446620 -71.80691790
42.37446650 -71.80691790
42.37446660 -71.80691810
42.37446660 -71.80691850
42.37446690 -71.80691840
42.37446720 -71.80691840
42.37446720 -71.80691870
42.37446760 -71.80691870
42.37446780 -71.80691870
42.37446820 -71.80691850
42.37446870 -71.80691850
42.37446900 -71.80691820
42.37446950 -71.80691820
42.37446980 -71.80691820
42.37447020 -71.80691820
42.37447070 -71.80691790
42.37447110 -71.80691770
42.37447130 -71.80691760
42.37447190 -71.80691700
42.37447200 -71.80691690
42.37447260 -71.80691630
42.37447290 -71.80691610
42.37447310 -71.80691570
42.37447350 -71.80691540
42.37447380 -71.80691510
42.37447410 -71.80691480
42.37447450 -71.80691460
42.37447500 -71.80691430
42.37447540 -71.80691400
42.37447590 -71.80691350
42.37447630 -71.80691330
42.37447660 -71.80691290
42.37447690 -71.80691270
42.37447710 -71.80691240
42.37447740 -71.80691220
42.37447770 -71.80691190
42.37447780 -71.80691180
42.37447810 -71.80691150
42.37447830 -71.80691130
42.37447860 -71.80691110
42.37447870 -71.80691090
42.37447880 -71.80691060
42.37447900 -71.80691040
42.37447920 -71.80691020
42.37447940 -71.80691000
42.37447960 -71.80690980
42.37447980 -71.80690940
42.37448020 -71.80690910
42.37448030 -71.80690860
42.37448060 -71.80690820
42.37448090 -71.80690770
42.37448110 -71.80690730
42.37448120 -71.80690680
42.37448130 -71.80690650
42.37448140 -71.80690600
42.37448150 -71.80690560
42.37448180 -71.80690520
42.37448200 -71.80690480
42.37448210 -71.80690430
42.37448240 -71.80690390
42.37448260 -71.80690330
42.37448270 -71.80690270
42.37448290 -71.80690230
42.37448300 -71.80690190
42.37448330 -71.80690130
42.37448340 -71.80690080
42.37448340 -71.80690020
42.37448350 -71.80689980
42.37448340 -71.80689940
42.37448360 -71.80689880
42.37448370 -71.80689820
42.37448360 -71.80689760
42.37448370 -71.80689710
42.37448380 -71.80689670
42.37448390 -71.80689600
42.37448390 -71.80689550
42.37448410 -71.80689510
42.37448410 -71.80689450
42.37448420 -71.80689400
42.37448410 -71.80689350
42.37448420 -71.80689290
42.37448400 -71.80689250
42.37448400 -71.80689200
42.37448400 -71.80689170
42.37448400 -71.80689130
42.37448390 -71.80689090
42.37448410 -71.80689040
42.37448400 -71.80688980
42.37448410 -71.80688930
42.37448400 -71.80688870
42.37448390 -71.80688830
42.37448400 -71.80688770
42.37448380 -71.80688710
42.37448390 -71.80688670
42.37448390 -71.80688600
42.37448390 -71.80688540
42.37448390 -71.80688490
42.37448400 -71.80688460
42.37448370 -71.80688390
42.37448360 -71.80688350
42.37448360 -71.80688300
42.37448350 -71.80688250
42.37448340 -71.80688220
42.37448320 -71.80688160
42.37448300 -71.80688100
42.37448290 -71.80688060
42.37448270 -71.80688010
42.37448250 -71.80687970
42.37448240 -71.80687910
42.37448220 -71.80687880
42.37448180 -71.80687830
42.37448150 -71.80687790
42.37448130 -71.80687760
42.37448100 -71.80687700
42.37448090 -71.80687660
42.37448050 -71.80687630
42.37448000 -71.80687590
42.37447970 -71.80687580
42.37447940 -71.80687550
42.37447920 -71.80687520
42.37447900 -71.80687510
42.37447890 -71.80687540
42.37447880 -71.80687520
42.37447860 -71.80687540
42.37447820 -71.80687520
42.37447810 -71.80687510
42.37447800 -71.80687530
42.37447790 -71.80687560
42.37447790 -71.80687620
42.37447770 -71.80687510
42.37447750 -71.80687420
42.37447750 -71.80687340
42.37447750 -71.80687350
42.37447750 -71.80687350
42.37447750 -71.80687360
42.37447730 -71.80687360
42.37447700 -71.80687390
42.37447700 -71.80687370
42.37447700 -71.80687360
42.37447680 -71.80687360
42.37447670 -71.80687370
42.37447700 -71.80687350
42.37447660 -71.80687310
42.37447640 -71.80687340
42.37447620 -71.80687350
42.37447600 -71.80687360
42.37447550 -71.80687360
42.37447520 -71.80687420
42.37447560 -71.80687500
42.37447540 -71.80687460
42.37447540 -71.80687450
42.37447530 -71.80687440
42.37447510 -71.80687410
42.37447450 -71.80687370
42.37447430 -71.80687340
42.37447400 -71.80687300
42.37447370 -71.80687270
42.37447360 -71.80687200
42.37447370 -71.80687200
42.37447350 -71.80687180
42.37447350 -71.80687210
42.37447330 -71.80687210
42.37447310 -71.80687190
42.37447330 -71.80687220
42.37447330 -71.80687210
42.37447320 -71.80687210
42.37447320 -71.80687220
42.37447330 -71.80687200
42.37447340 -71.80687220
42.37447340 -71.80687200
42.37447340 -71.80687160
42.37447320 -71.80687110
42.37447320 -71.80687100
42.37447320 -71.80687060
42.37447330 -71.80687050
42.37447340 -71.80686980
42.37447360 -71.80686950
42.37447340 -71.80686960
42.37447350 -71.80686920
42.37447340 -71.80686920
42.37447360 -71.80686890
42.37447370 -71.80686850
42.37447380 -71.80686830
42.37447390 -71.80686790
42.37447400 -71.80686770
42.37447420 -71.80686720
42.37447440 -71.80686680
42.37447440 -71.80686660
42.37447450 -71.80686630
42.37447480 -71.80686610
42.37447490 -71.80686590
42.37447500 -71.80686570
42.37447510 -71.80686540
42.37447540 -71.80686500
42.37447550 -71.80686470
42.37447570 -71.80686440
42.37447600 -71.80686420
42.37447600 -71.80686380
42.37447630 -71.80686370
42.37447660 -71.80686350
42.37447680 -71.80686330
42.37447710 -71.80686300
42.37447730 -71.80686270
42.37447750 -71.80686230
42.37447770 -71.80686200
42.37447780 -71.80686180
42.37447800 -71.80686180
42.37447820 -71.80686160
42.37447840 -71.80686160
42.37447850 -71.80686150
42.37447840 -71.80686130
42.37447850 -71.80686130
42.37447860 -71.80686110
42.37447860 -71.80686090
42.37447870 -71.80686080
42.37447900 -71.80686070
42.37447890 -71.80686070
42.37447880 -71.80686070
42.37447900 -71.80686050
42.37447890 -71.80686050
42.37447930 -71.80686030
42.37447900 -71.80686010
42.37447900 -71.80686010
42.37447920 -71.80686000
42.37447920 -71.80685980
42.37447920 -71.80685970
42.37447930 -71.80685970
42.37447910 -71.80685960
42.37447940 -71.80685960
42.37447930 -71.80685960
42.37447930 -71.80685960
42.37447950 -71.80685970
42.37447940 -71.80685970
42.37447950 -71.80685980
42.37447960 -71.80685990
42.37447940 -71.80686000
42.37447960 -71.80686010
42.37447960 -71.80686000
42.37447970 -71.80686020
42.37447960 -71.80685980
42.37447970 -71.80685990
42.37447970 -71.80685990
42.37447990 -71.80686000
42.37448000 -71.80685990
42.37448000 -71.80685990
42.37448010 -71.80685980
42.37448020 -71.80685980
42.37448030 -71.80685970
42.37448050 -71.80685960
42.37448040 -71.80685950
42.37448050 -71.80685940
42.37448070 -71.80685920
42.37448070 -71.80685900
42.37448080 -71.80685880
42.37448110 -71.80685860
42.37448120 -71.80685840
42.37448120 -71.80685810
42.37448120 -71.80685770
42.37448130 -71.80685750
42.37448150 -71.80685720
42.37448140 -71.80685680
42.37448130 -71.80685670
42.37448120 -71.80685660
42.37448120 -71.80685650
42.37448110 -71.80685650
42.37448100 -71.80685630
42.37448100 -71.80685620
42.37448110 -71.80685590
42.37448100 -71.80685560
42.37448090 -71.80685540
42.37448110 -71.80685510
42.37448080 -71.80685490
42.37448090 -71.80685510
42.37448060 -71.80685500
42.37448070 -71.80685490
42.37448060 -71.80685480
42.37448070 -71.80685460
42.37448050 -71.80685460
42.37448040 -71.80685440
42.37448040 -71.80685420
42.37448030 -71.80685390
42.37448050 -71.80685370
42.37448000 -71.80685340
42.37447990 -71.80685310
42.37447970 -71.80685280
42.37447940 -71.80685260
42.37447920 -71.80685230
42.37447890 -71.80685210
42.37447880 -71.80685170
42.37447840 -71.80685150
42.37447820 -71.80685110
42.37447800 -71.80685080
42.37447770 -71.80685060
42.37447740 -71.80685050
42.37447720 -71.80685020
42.37447690 -71.80684990
42.37447640 -71.80684960
42.37447620 -71.80684930
42.37447560 -71.80684880
42.37447510 -71.80684830
42.37447440 -71.80684790
42.37447390 -71.80684750
42.37447350 -71.80684700
42.37447320 -71.80684690
42.37447270 -71.80684650
42.37447230 -71.80684600
42.37447170 -71.80684570
42.37447110 -71.80684520
42.37447060 -71.80684510
42.37447020 -71.80684510
42.37446980 -71.80684500
42.37446930 -71.80684500
42.37446880 -71.80684490
42.37446840 -71.80684480
42.37446790 -71.80684460
42.37446740 -71.80684440
42.37446690 -71.80684430
42.37446650 -71.80684400
42.37446610 -71.80684380
42.37446570 -71.80684350
42.37446550 -71.80684330
42.37446520 -71.80684320
42.37446470 -71.80684300
42.37446440 -71.80684290
42.37446400 -71.80684270
42.37446360 -71.80684260
42.37446340 -71.80684250
42.37446300 -71.80684240
42.37446260 -71.80684220
42.37446230 -71.80684220
42.37446190 -71.80684200
42.37446170 -71.80684200
42.37446120 -71.80684190
42.37446090 -71.80684190
42.37446060 -71.80684180
42.37446030 -71.80684180
42.37445990 -71.80684170
42.37445960 -71.80684150
42.37445960 -71.80684150
42.37445920 -71.80684150
42.37445910 -71.80684150
42.37445870 -71.80684140
42.37445850 -71.80684130
42.37445830 -71.80684170
42.37445800 -71.80684180
42.37445770 -71.80684200
42.37445710 -71.80684200
42.37445690 -71.80684210
42.37445650 -71.80684220
42.37445610 -71.80684230
42.37445570 -71.80684230
42.37445520 -71.80684240
42.37445480 -71.80684220
42.37445430 -71.80684230
42.37445420 -71.80684250
42.37445380 -71.80684260
42.37445360 -71.80684270
42.37445330 -71.80684290
42.37445320 -71.80684290
42.37445300 -71.80684320
42.37445260 -71.80684330
42.37445240 -71.80684330
42.37445200 -71.80684340
42.37445200 -71.80684350
42.37445190 -71.80684350
42.37445190 -71.80684370
42.37445170 -71.80684380
42.37445160 -71.80684370
42.37445150 -71.80684380
42.37445150 -71.80684380
42.37445160 -71.80684380
42.37445160 -71.80684390
42.37445190 -71.80684380
42.37445190 -71.80684380
42.37445200 -71.80684400
42.37445240 -71.80684400
42.37445230 -71.80684390
42.37445230 -71.80684400
42.37445230 -71.80684410
42.37445240 -71.80684440
42.37445240 -71.80684470
42.37445210 -71.80684480
42.37445200 -71.80684510
42.37445210 -71.80684510
42.37445220 -71.80684530
42.37445210 -71.80684540
42.37445200 -71.80684540
42.37445230 -71.80684560
42.37445240 -71.80684550
42.37445240 -71.80684570
42.37445240 -71.80684590
42.37445240 -71.80684600
42.37445240 -71.80684600
42.37445240 -71.80684610
42.37445250 -71.80684630
42.37445250 -71.80684620
42.37445240 -71.80684630
42.37445220 -71.80684630
42.37445190 -71.80684640
42.37445170 -71.80684640
42.37445170 -71.80684650
42.37445180 -71.80684650
42.37445200 -71.80684640
42.37445180 -71.80684660
42.37445220 -71.80684670
42.37445250 -71.80684670
42.37445270 -71.80684690
42.37445290 -71.80684700
42.37445300 -71.80684720
42.37445350 -71.80684740
42.37445420 -71.80684760
42.37445460 -71.80684790
42.37445470 -71.80684800
42.37445480 -71.80684810
42.37445480 -71.80684820
42.37445500 -71.80684840
42.37445510 -71.80684840
42.37445540 -71.80684870
42.37445540 -71.80684900
42.37445550 -71.80684920
42.37445540 -71.80684930
42.37445550 -71.80684950
42.37445540 -71.80684980
42.37445550 -71.80685000
42.37445540 -71.80685010
42.37445560 -71.80685020
42.37445560 -71.80685020
42.37445600 -71.80685030
42.37445630 -71.80685040
42.37445630 -71.80685070
42.37445640 -71.80685060
42.37445660 -71.80685080
42.37445670 -71.80685090
42.37445680 -71.80685110
42.37445690 -71.80685130
42.37445710 -71.80685150
42.37445700 -71.80685170
42.37445670 -71.80685200
42.37445650 -71.80685240
42.37445680 -71.80685290
42.37445670 -71.80685320
42.37445660 -71.80685350
42.37445740 -71.80685340
42.37445800 -71.80685370
42.37445760 -71.80685360
42.37446040 -71.80685450
42.37446120 -71.80685460
42.37446130 -71.80685440
42.37446110 -71.80685440
42.37446180 -71.80685500
42.37446190 -71.80685460
42.37446090 -71.80685450
42.37446000 -71.80685470
42.37445910 -71.80685490
42.37445830 -71.80685520
42.37445750 -71.80685540
42.37445780 -71.80685590
42.37445750 -71.80685620
42.37445860 -71.80685760
42.37446780 -71.80686250
42.37447280 -71.80686420
42.37447560 -71.80686600
42.37447140 -71.80686390
42.37447050 -71.80686450
42.37447330 -71.80686810
42.37447830 -71.80687040
42.37448050 -71.80687200
42.37448270 -71.80687360
42.37448480 -71.80687520
42.37448700 -71.80687670
42.37448920 -71.80687830
42.37449140 -71.80687990
42.37449350 -71.80688150
42.37449570 -71.80688310
42.37449790 -71.80688470
42.37450010 -71.80688620
42.37450230 -71.80688780
42.37450440 -71.80688940
42.37450660 -71.80689100
42.37450880 -71.80689260
42.37451100 -71.80689420
42.37451320 -71.80689580
42.37451530 -71.80689730
42.37451750 -71.80689890
42.37451970 -71.80690050
42.37452190 -71.80690210
42.37452400 -71.80690370
42.37452620 -71.80690530
42.37452840 -71.80690680
42.37453060 -71.80690840
42.37453280 -71.80691000
42.37453490 -71.80691160
42.37453710 -71.80691320
42.37453930 -71.80691480
42.37454150 -71.80691640
42.37454360 -71.80691790
42.37454580 -71.80691950
42.37454800 -71.80692110
42.37455020 -71.80692270
42.37455240 -71.80692430
42.37455450 -71.80692590
42.37455670 -71.80692740
42.37455890 -71.80692900
42.37456110 -71.80693060
42.37456320 -71.80693220
42.37456540 -71.80693380
42.37456760 -71.80693540
42.37456980 -71.80693700
42.37457200 -71.80693850
42.37457410 -71.80694010
42.37457630 -71.80694170
42.37457850 -71.80694330
42.37458070 -71.80694490
42.37458280 -71.80694650
42.37458500 -71.80694800
42.37458720 -71.80694960
42.37458940 -71.80695120
42.37458940 -71.80695120
42.37458940 -71.80695120
42.37458940 -71.80695120
42.37458940 -71.80695120
42.37305320 -71.80855490
42.37318690 -71.80892230
42.37339250 -71.80941620
42.37367950 -71.81010370
42.37392220 -71.81055010
42.37411260 -71.81088170
42.37427230 -71.81115660
42.37437790 -71.81078140
42.37445750 -71.81047990
42.37452490 -71.81027450
42.37457390 -71.81008740
42.37460770 -71.80985100
42.37463390 -71.80964200
42.37465330 -71.80942860
42.37466150 -71.80919340
42.37465940 -71.80893390
42.37465020 -71.80867400
42.37463290 -71.80842730
42.37462160 -71.80825270
42.37460330 -71.80805450
42.37458820 -71.80789480
42.37457600 -71.80776960
42.37456580 -71.80767340
42.37455560 -71.80759170
42.37454810 -71.80752600
42.37454740 -71.80749670
42.37460000 -71.80754140
42.37465070 -71.80758690
42.37469990 -71.80763230
42.37474850 -71.80767900
42.37479750 -71.80772980
42.37484410 -71.80777100
42.37482120 -71.80772660
42.37477970 -71.80765910
42.37472420 -71.80757580
42.37464720 -71.80746680
42.37458760 -71.80738180
42.37453230 -71.80730320
42.37448830 -71.80724030
42.37445790 -71.80719830
42.37444380 -71.80717710
42.37442740 -71.80715310
42.37440280 -71.80711660
42.37439140 -71.80709700
42.37438210 -71.80707970
42.37437770 -71.80706870
42.37437410 -71.80706000
42.37437370 -71.80705490
42.37437590 -71.80705390
42.37437810 -71.80705280
42.37437960 -71.80705080
42.37438160 -71.80704970
42.37438260 -71.80704740
42.37438290 -71.80704450
42.37438350 -71.80704090
42.37438430 -71.80703770
42.37438450 -71.80703510
42.37438490 -71.80703350
42.37438530 -71.80703280
42.37438550 -71.80703210
42.37438540 -71.80703160
42.37438500 -71.80703110
42.37438510 -71.80703060
42.37438520 -71.80702930
42.37438550 -71.80702890
42.37438560 -71.80702850
42.37438550 -71.80702810
42.37438560 -71.80702780
42.37438550 -71.80702750
42.37438530 -71.80702720
42.37438510 -71.80702710
42.37438450 -71.80702700
42.37438430 -71.80702680
42.37438380 -71.80702660
42.37438380 -71.80702650
42.37438350 -71.80702630
42.37438290 -71.80702640
42.37438250 -71.80702610
42.37438230 -71.80702580
42.37438200 -71.80702550
42.37438170 -71.80702530
42.37438120 -71.80702520
42.37438100 -71.80702520
42.37438050 -71.80702520
42.37437990 -71.80702530
42.37437940 -71.80702520
42.37437860 -71.80702550
42.37437810 -71.80702560
42.37437750 -71.80702490
42.37437700 -71.80702420
42.37437650 -71.80702370
42.37437560 -71.80702240
42.37437470 -71.80702110
42.37437390 -71.80702020
42.37437330 -71.80701920
42.37437360 -71.80701720
42.37437400 -71.80701540
42.37437440 -71.80701360
42.37437480 -71.80701240
42.37437520 -71.80701040
42.37437560 -71.80700910
42.37437580 -71.80700790
42.37437620 -71.80700650
42.37437630 -71.80700530
42.37437670 -71.80700370
42.37437700 -71.80700240
42.37437700 -71.80700110
42.37437730 -71.80699980
42.37437760 -71.80699860
42.37437780 -71.80699740
42.37437790 -71.80699540
42.37437770 -71.80699350
42.37437810 -71.80699140
42.37437850 -71.80698980
42.37437880 -71.80698800
42.37437950 -71.80698610
42.37438000 -71.80698440
42.37438060 -71.80698270
42.37438120 -71.80698110
42.37438200 -71.80698000
42.37438240 -71.80697850
42.37438280 -71.80697760
42.37438350 -71.80697660
42.37438410 -71.80697550
42.37438460 -71.80697480
42.37438510 -71.80697390
42.37438570 -71.80697300
42.37438610 -71.80697200
42.37438670 -71.80697100
42.37438710 -71.80697010
42.37438750 -71.80696910
42.37438800 -71.80696830
42.37438850 -71.80696730
42.37438910 -71.80696650
42.37438960 -71.80696560
42.37439000 -71.80696480
42.37439050 -71.80696390
42.37439090 -71.80696310
42.37439140 -71.80696220
42.37439190 -71.80696130
42.37439240 -71.80696010
42.37439280 -71.80695910
42.37439270 -71.80695820
42.37439260 -71.80695750
42.37439260 -71.80695660
42.37439300 -71.80695590
42.37439270 -71.80695520
42.37439280 -71.80695440
42.37439310 -71.80695370
42.37439310 -71.80695280
42.37439330 -71.80695190
42.37439330 -71.80695090
42.37439380 -71.80695010
42.37439360 -71.80694950
42.37439390 -71.80694870
42.37439410 -71.80694810
42.37439440 -71.80694740
42.37439430 -71.80694670
42.37439450 -71.80694610
42.37439460 -71.80694550
42.37439480 -71.80694470
42.37439490 -71.80694420
42.37439510 -71.80694350
42.37439650 -71.80694260
42.37439770 -71.80694210
42.37439940 -71.80694110
42.37440050 -71.80694010
42.37440170 -71.80693920
42.37440300 -71.80693850
42.37440420 -71.80693750
42.37440590 -71.80693660
42.37440720 -71.80693560
42.37440840 -71.80693480
42.37440950 -71.80693380
42.37441080 -71.80693280
42.37441220 -71.80693180
42.37441360 -71.80693090
42.37441470 -71.80693000
42.37441620 -71.80692940
42.37441760 -71.80692890
42.37441860 -71.80692840
42.37442010 -71.80692780
42.37442110 -71.80692740
42.37442200 -71.80692690
42.37442310 -71.80692640
42.37442400 -71.80692580
42.37442510 -71.80692500
42.37442620 -71.80692430
42.37442710 -71.80692380
42.37442790 -71.80692320
42.37442850 -71.80692280
42.37442940 -71.80692240
42.37442970 -71.80692190
42.37443020 -71.80692150
42.37443070 -71.80692090
42.37443110 -71.80692030
42.37443150 -71.80692000
42.37443200 -71.80691940
42.37443250 -71.80691890
42.37443270 -71.80691840
42.37443310 -71.80691780
42.37443340 -71.80691730
42.37443370 -71.80691680
42.37443390 -71.80691630
42.37443430 -71.80691590
42.37443440 -71.80691540
42.37443450 -71.80691510
42.37443470 -71.80691450
42.37443480 -71.80691410
42.37443490 -71.80691370
42.37443530 -71.80691330
42.37443530 -71.80691300
42.37443560 -71.80691260
42.37443580 -71.80691220
42.37443600 -71.80691190
42.37443610 -71.80691140
42.37443610 -71.80691090
42.37443620 -71.80691070
42.37443630 -71.80691000
42.37443620 -71.80690970
42.37443610 -71.80690920
42.37443610 -71.80690880
42.37443580 -71.80690830
42.37443580 -71.80690800
42.37443560 -71.80690760
42.37443560 -71.80690730
42.37443550 -71.80690690
42.37443530 -71.80690640
42.37443510 -71.80690610
42.37443490 -71.80690570
42.37443480 -71.80690540
42.37443460 -71.80690490
42.37443440 -71.80690450
42.37443430 -71.80690420
42.37443410 -71.80690370
42.37443380 -71.80690320
42.37443350 -71.80690280
42.37443320 -71.80690260
42.37443320 -71.80690190
42.37443290 -71.80690140
42.37443250 -71.80690090
42.37443220 -71.80690040
42.37443200 -71.80689990
42.37443170 -71.80689950
42.37443120 -71.80689890
42.37443090 -71.80689830
42.37443040 -71.80689770
42.37443000 -71.80689740
42.37442970 -71.80689700
42.37442920 -71.80689650
42.37442880 -71.80689610
42.37442850 -71.80689580
42.37442810 -71.80689550
42.37442770 -71.80689510
42.37442720 -71.80689490
42.37442680 -71.80689460
42.37442670 -71.80689430
42.37442640 -71.80689420
42.37442630 -71.80689390
42.37442600 -71.80689360
42.37442580 -71.80689320
42.37442570 -71.80689290
42.37442560 -71.80689260
42.37442510 -71.80689230
42.37442510 -71.80689220
42.37442500 -71.80689190
42.37442460 -71.80689190
42.37442470 -71.80689190
42.37442430 -71.80689180
42.37442440 -71.80689180
42.37442410 -71.80689190
42.37442370 -71.80689190
42.37442340 -71.80689190
42.37442320 -71.80689200
42.37442290 -71.80689200
42.37442260 -71.80689200
42.37442250 -71.80689210
42.37442220 -71.80689210
42.37442170 -71.80689210
42.37442150 -71.80689220
42.37442140 -71.80689220
42.37442100 -71.80689230
42.37442080 -71.80689230
42.37442060 -71.80689230
42.37442020 -71.80689220
42.37441990 -71.80689210
42.37441950 -71.80689200
42.37441930 -71.80689190
42.37441900 -71.80689180
42.37441890 -71.80689180
42.37441860 -71.80689180
42.37441840 -71.80689170
42.37441810 -71.80689160
42.37441790 -71.80689160
42.37441780 -71.80689150
42.37441760 -71.80689120
42.37441740 -71.80689120
42.37441730 -71.80689100
42.37441720 -71.80689080
42.37441700 -71.80689070
42.37441680 -71.80689060
42.37441650 -71.80689040
42.37441650 -71.80689030
42.37441610 -71.80689010
42.37441590 -71.80689000
42.37441580 -71.80688990
42.37441550 -71.80688980
42.37441540 -71.80688980
42.37441540 -71.80688960
42.37441520 -71.80688960
42.37441510 -71.80688950
42.37441520 -71.80688940
42.37441520 -71.80688940
42.37441520 -71.80688920
42.37441530 -71.80688920
42.37441550 -71.80688930
42.37441570 -71.80688920
42.37441600 -71.80688930
42.37441620 -71.80688940
42.37441650 -71.80688950
42.37441680 -71.80688950
42.37441710 -71.80688970
42.37441750 -71.80689000
42.37441790 -71.80689020
42.37441840 -71.80689040
42.37441890 -71.80689050
42.37441930 -71.80689080
42.37441970 -71.80689100
42.37442010 -71.80689120
42.37442050 -71.80689140
42.37442110 -71.80689160
42.37442140 -71.80689190
42.37442170 -71.80689220
42.37442210 -71.80689230
42.37442260 -71.80689270
42.37442310 -71.80689290
42.37442370 -71.80689300
42.37442490 -71.80689340
42.37442620 -71.80689390
42.37443090 -71.80689490
42.37443150 -71.80689490
42.37443200 -71.80689510
42.37443240 -71.80689490
42.37443290 -71.80689490
42.37443360 -71.80689490
42.37443410 -71.80689470
42.37443470 -71.80689470
42.37443540 -71.80689460
42.37443590 -71.80689450
42.37443650 -71.80689440
42.37443710 -71.80689440
42.37443770 -71.80689430
42.37443810 -71.80689430
42.37443860 -71.80689440
42.37443920 -71.80689440
42.37443960 -71.80689430
42.37444010 -71.80689440
42.37444020 -71.80689450
42.37444090 -71.80689450
42.37444120 -71.80689440
42.37444160 -71.80689440
42.37444180 -71.80689440
42.37444220 -71.80689440
42.37444250 -71.80689440
42.37444290 -71.80689440
42.37444310 -71.80689450
42.37444340 -71.80689460
42.37444390 -71.80689450
42.37444410 -71.80689460
42.37444440 -71.80689450
42.37444460 -71.80689410
42.37444490 -71.80689380
42.37444530 -71.80689370
42.37444580 -71.80689310
42.37444590 -71.80689290
42.37444610 -71.80689270
42.37444610 -71.80689250
42.37444630 -71.80689260
42.37444660 -71.80689270
42.37444690 -71.80689280
42.37444670 -71.80689310
42.37444690 -71.80689320
42.37444670 -71.80689300
42.37444690 -71.80689270
42.37444650 -71.80689290
42.37444640 -71.80689310
42.37444620 -71.80689310
42.37444630 -71.80689310
42.37444600 -71.80689300
42.37444570 -71.80689300
42.37444590 -71.80689320
42.37444590 -71.80689300
42.37444650 -71.80689260
42.37444720 -71.80689230
42.37444760 -71.80689230
42.37444850 -71.80689220
42.37444830 -71.80689190
42.37444820 -71.80689170
42.37444860 -71.80689180
42.37444840 -71.80689140
42.37444830 -71.80689130
42.37444850 -71.80689160
42.37444830 -71.80689160
42.37444860 -71.80689160
42.37444870 -71.80689160
42.37444830 -71.80689200
42.37444850 -71.80689210
42.37444840 -71.80689210
42.37444820 -71.80689220
42.37444800 -71.80689230
42.37444830 -71.80689230
42.37444850 -71.80689240
42.37444850 -71.80689240
42.37444870 -71.80689260
42.37444870 -71.80689290
42.37444830 -71.80689310
42.37444810 -71.80689370
42.37444790 -71.80689410
42.37444770 -71.80689420
42.37444790 -71.80689420
42.37444810 -71.80689440
42.37444800 -71.80689430
42.37444810 -71.80689400
42.37444790 -71.80689410
42.37444760 -71.80689400
42.37444750 -71.80689360
42.37444770 -71.80689330
42.37444750 -71.80689250
42.37444730 -71.80689210
42.37444700 -71.80689170
42.37444650 -71.80689130
42.37444630 -71.80689080
42.37444570 -71.80689080
42.37444530 -71.80689100
42.37444530 -71.80689110
42.37444500 -71.80689120
42.37444480 -71.80689140
42.37444480 -71.80689170
42.37444490 -71.80689190
42.37444500 -71.80689170
42.37444530 -71.80689160
42.37444560 -71.80689160
42.37444610 -71.80689170
42.37444670 -71.80689190
42.37444690 -71.80689200
42.37444740 -71.80689210
42.37444770 -71.80689220
42.37444790 -71.80689230
42.37444780 -71.80689220
42.37444850 -71.80689220
42.37444850 -71.80689220
42.37444860 -71.80689230
42.37444840 -71.80689220
42.37444870 -71.80689230
42.37444870 -71.80689240
42.37444860 -71.80689250
42.37444860 -71.80689260
42.37444840 -71.80689270
42.37444820 -71.80689280
42.37444780 -71.80689270
42.37444760 -71.80689280
42.37444730 -71.80689270
42.37444710 -71.80689280
42.37444710 -71.80689260
42.37444710 -71.80689280
42.37444720 -71.80689280
42.37444740 -71.80689290
42.37444760 -71.80689310
42.37444770 -71.80689330
42.37444800 -71.80689340
42.37444800 -71.80689350
42.37444820 -71.80689350
42.37444830 -71.80689340
42.37444840 -71.80689350
42.37444860 -71.80689340
42.37444870 -71.80689300
42.37444870 -71.80689300
42.37444890 -71.80689280
42.37444880 -71.80689250
42.37444880 -71.80689240
42.37444880 -71.80689250
42.37444870 -71.80689230
42.37444860 -71.80689230
42.37444840 -71.80689210
42.37444820 -71.80689200
42.37444810 -71.80689220
42.37444810 -71.80689230
42.37444800 -71.80689250
42.37444800 -71.80689260
42.37444780 -71.80689260
42.37444770 -71.80689260
42.37444770 -71.80689260
42.37444760 -71.80689260
42.37444750 -71.80689250
42.37444740 -71.80689250
42.37444730 -71.80689250
42.37444720 -71.80689260
42.37444710 -71.80689260
42.37444690 -71.80689260
42.37444680 -71.80689260
42.37444660 -71.80689270
42.37444650 -71.80689270
42.37444630 -71.80689280
42.37444610 -71.80689290
42.37444600 -71.80689290
42.37444600 -71.80689300
42.37444590 -71.80689290
42.37444570 -71.80689270
42.37444560 -71.80689240
42.37444540 -71.80689200
42.37444530 -71.80689170
42.37444530 -71.80689160
42.37444520 -71.80689140
42.37444520 -71.80689150
42.37444540 -71.80689160
42.37444540 -71.80689180
42.37444540 -71.80689190
42.37444540 -71.80689210
42.37444520 -71.80689210
42.37444500 -71.80689220
42.37444480 -71.80689250
42.37444460 -71.80689280
42.37444440 -71.80689300
42.37444420 -71.80689320
42.37444410 -71.80689320
42.37444390 -71.80689330
42.37444380 -71.80689330
42.37444370 -71.80689340
42.37444350 -71.80689330
42.37444320 -71.80689310
42.37444240 -71.80689250
42.37444120 -71.80689170
42.37443930 -71.80689040
42.37443710 -71.80688890
42.37443470 -71.80688720
42.37443230 -71.80688560
42.37443050 -71.80688440
42.37442930 -71.80688350
42.37442860 -71.80688300
42.37442830 -71.80688280
42.37442830 -71.80688280
42.37442840 -71.80688270
42.37442850 -71.80688280
42.37442840 -71.80688290
42.37442830 -71.80688300
42.37442830 -71.80688310
42.37442820 -71.80688340
42.37442810 -71.80688350
42.37442800 -71.80688370
42.37442810 -71.80688390
42.37442810 -71.80688410
42.37442840 -71.80688420
42.37442880 -71.80688440
42.37442930 -71.80688460
42.37442970 -71.80688470
42.37443020 -71.80688470
42.37443070 -71.80688460
42.37443110 -71.80688440
42.37443150 -71.80688410
42.37443180 -71.80688360
42.37443190 -71.80688310
42.37443180 -71.80688250
42.37443170 -71.80688200
42.37443170 -71.80688160
42.37443160 -71.80688120
42.37443150 -71.80688060
42.37443140 -71.80687980
42.37443130 -71.80687890
42.37443100 -71.80687800
42.37443090 -71.80687720
42.37443080 -71.80687640
42.37443060 -71.80687550
42.37443030 -71.80687490
42.37443000 -71.80687410
42.37442950 -71.80687360
42.37442900 -71.80687310
42.37442860 -71.80687270
42.37442800 -71.80687230
42.37442740 -71.80687200
42.37442690 -71.80687160
42.37442650 -71.80687140
42.37442610 -71.80687120
42.37442580 -71.80687120
42.37442560 -71.80687120
42.37442540 -71.80687130
42.37442510 -71.80687160
42.37442490 -71.80687220
42.37442470 -71.80687270
42.37442450 -71.80687350
42.37442420 -71.80687410
42.37442390 -71.80687470
42.37442350 -71.80687530
42.37442290 -71.80687600
42.37442260 -71.80687680
42.37442240 -71.80687760
42.37442230 -71.80687830
42.37442220 -71.80687920
42.37442210 -71.80687980
42.37442200 -71.80688040
42.37442180 -71.80688110
42.37442160 -71.80688160
42.37442120 -71.80688190
42.37442080 -71.80688210
42.37442050 -71.80688230
42.37442010 -71.80688250
42.37442010 -71.80688270
42.37441990 -71.80688290
42.37442000 -71.80688310
42.37442010 -71.80688330
42.37442030 -71.80688360
42.37442080 -71.80688370
42.37442140 -71.80688350
42.37442240 -71.80688270
42.37442360 -71.80688140
42.37442510 -71.80687980
42.37442640 -71.80687830
42.37442750 -71.80687720
42.37442820 -71.80687650
42.37442850 -71.80687600
42.37442860 -71.80687590
42.37442820 -71.80687640
42.37442740 -71.80687770
42.37442600 -71.80687980
42.37442430 -71.80688260
42.37442230 -71.80688590
42.37441980 -71.80688960
42.37441710 -71.80689370
42.37441420 -71.80689790
42.37441100 -71.80690210
42.37440780 -71.80690610
42.37440470 -71.80691010
42.37440140 -71.80691400
42.37439830 -71.80691800
42.37439530 -71.80692170
42.37439260 -71.80692530
42.37439020 -71.80692880
42.37438800 -71.80693210
42.37438600 -71.80693500
42.37438420 -71.80693760
42.37438270 -71.80693980
42.37438140 -71.80694160
42.37438050 -71.80694300
42.37437970 -71.80694400
42.37437930 -71.80694490
42.37437850 -71.80694540
42.37437780 -71.80694570
42.37437720 -71.80694590
42.37437680 -71.80694620
42.37437660 -71.80694650
42.37437650 -71.80694670
42.37437660 -71.80694700
42.37437660 -71.80694710
42.37437670 -71.80694730
42.37437680 -71.80694730
42.37437680 -71.80694710
42.37437680 -71.80694690
42.37437680 -71.80694670
42.37437680 -71.80694640
42.37437680 -71.80694620
42.37437690 -71.80694590
42.37437690 -71.80694570
42.37437680 -71.80694570
42.37437650 -71.80694580
42.37437590 -71.80694630
42.37437520 -71.80694720
42.37437410 -71.80694820
42.37437290 -71.80694940
42.37437150 -71.80695070
42.37437010 -71.80695220
42.37436850 -71.80695390
42.37436670 -71.80695560
42.37436490 -71.80695720
42.37436280 -71.80695920
42.37436070 -71.80696120
42.37435850 -71.80696340
42.37435630 -71.80696590
42.37435410 -71.80696830
42.37435180 -71.80697080
42.37434940 -71.80697350
42.37434710 -71.80697630
42.37434480 -71.80697910
42.37434250 -71.80698200
42.37434050 -71.80698490
42.37433860 -71.80698740
42.37433690 -71.80698980
42.37433530 -71.80699190
42.37433410 -71.80699380
42.37433310 -71.80699530
42.37433240 -71.80699640
42.37433180 -71.80699690
42.37433170 -71.80699740
42.37433150 -71.80699770
42.37433140 -71.80699780
42.37433120 -71.80699800
42.37433120 -71.80699830
42.37433090 -71.80699840
42.37433080 -71.80699850
42.37433070 -71.80699860
42.37433070 -71.80699860
42.37433080 -71.80699860
42.37433080 -71.80699860
42.37433090 -71.80699870
42.37433100 -71.80699880
42.37433110 -71.80699890
42.37433120 -71.80699910
42.37433130 -71.80699940
42.37433140 -71.80699970
42.37433140 -71.80700000
42.37433160 -71.80700030
42.37433160 -71.80700070
42.37433180 -71.80700080
42.37433210 -71.80700100
42.37433240 -71.80700130
42.37433270 -71.80700160
42.37433290 -71.80700200
42.37433320 -71.80700220
42.37433360 -71.80700230
42.37433380 -71.80700240
42.37433400 -71.80700220
42.37433410 -71.80700180
42.37433420 -71.80700130
42.37433430 -71.80700080
42.37433430 -71.80700020
42.37433430 -71.80699940
42.37433440 -71.80699860
42.37433430 -71.80699790
42.37433430 -71.80699730
42.37433400 -71.80699670
42.37433380 -71.80699630
42.37433350 -71.80699590
42.37433320 -71.80699560
42.37433280 -71.80699520
42.37433260 -71.80699500
42.37433220 -71.80699490
42.37433180 -71.80699450
42.37433140 -71.80699410
42.37433100 -71.80699380
42.37433060 -71.80699360
42.37433010 -71.80699340
42.37432980 -71.80699330
42.37432940 -71.80699340
42.37432910 -71.80699350
42.37432890 -71.80699380
42.37432870 -71.80699400
42.37432860 -71.80699420
42.37432840 -71.80699450
42.37432830 -71.80699480
42.37432810 -71.80699490
42.37432810 -71.80699510
42.37432800 -71.80699540
42.37432800 -71.80699560
42.37432800 -71.80699580
42.37432800 -71.80699600
42.37432800 -71.80699620
42.37432800 -71.80699630
42.37432800 -71.80699630
42.37432800 -71.80699640
42.37432800 -71.80699650
42.37432810 -71.80699650
42.37432820 -71.80699660
42.37432830 -71.80699670
42.37432850 -71.80699680
42.37432860 -71.80699690
42.37432890 -71.80699680
42.37432910 -71.80699680
42.37432930 -71.80699660
42.37432950 -71.80699650
42.37432980 -71.80699630
42.37433010 -71.80699610
42.37433030 -71.80699570
42.37433070 -71.80699550
42.37433080 -71.80699520
42.37433100 -71.80699500
42.37433090 -71.80699480
42.37433100 -71.80699470
42.37433100 -71.80699440
42.37433050 -71.80699380
42.37432930 -71.80699250
42.37432750 -71.80699060
42.37432510 -71.80698800
42.37432240 -71.80698520
42.37431930 -71.80698190
42.37431610 -71.80697850
42.37431280 -71.80697520
42.37430970 -71.80697220
42.37430710 -71.80696970
42.37430470 -71.80696760
42.37430240 -71.80696560
42.37429980 -71.80696320
42.37429680 -71.80696040
42.37429370 -71.80695730
42.37429060 -71.80695410
42.37428780 -71.80695120
42.37428540 -71.80694870
42.37428350 -71.80694670
42.37428200 -71.80694520
42.37428050 -71.80694410
42.37427940 -71.80694330
42.37427850 -71.80694270
42.37427770 -71.80694240
42.37427700 -71.80694200
42.37427650 -71.80694180
42.37427600 -71.80694150
42.37427570 -71.80694120
42.37427520 -71.80694100
42.37427480 -71.80694060
42.37427450 -71.80694020
42.37427420 -71.80693990
42.37427390 -71.80693970
42.37427370 -71.80693940
42.37427340 -71.80693890
42.37427260 -71.80693800
42.37427160 -71.80693680
42.37427100 -71.80693570
42.37427060 -71.80693510
42.37427050 -71.80693490
42.37427070 -71.80693510
42.37427080 -71.80693540
42.37427100 -71.80693570
42.37427120 -71.80693590
42.37427140 -71.80693620
42.37427150 -71.80693640
42.37427170 -71.80693650
42.37427170 -71.80693660
42.37427160 -71.80693670
42.37427160 -71.80693690
42.37427140 -71.80693700
42.37427150 -71.80693730
42.37427150 -71.80693760
42.37427140 -71.80693770
42.37427130 -71.80693780
42.37427120 -71.80693770
42.37427130 -71.80693760
42.37427140 -71.80693740
42.37427150 -71.80693740
42.37427160 -71.80693740
42.37427170 -71.80693720
42.37427140 -71.80693670
42.37427060 -71.80693550
42.37426960 -71.80693390
42.37426810 -71.80693180
42.37426650 -71.80692940
42.37426470 -71.80692700
42.37426280 -71.80692440
42.37426080 -71.80692170
42.37425870 -71.80691880
42.37425650 -71.80691580
42.37425400 -71.80691290
42.37425150 -71.80691000
42.37424920 -71.80690750
42.37424700 -71.80690520
42.37424520 -71.80690340
42.37424380 -71.80690220
42.37424280 -71.80690120
42.37424210 -71.80690050
42.37424130 -71.80689970
42.37424030 -71.80689850
42.37423880 -71.80689680
42.37423700 -71.80689470
42.37423510 -71.80689240
42.37423350 -71.80689030
42.37423200 -71.80688860
42.37423100 -71.80688700
42.37423040 -71.80688590
42.37423000 -71.80688530
42.37422960 -71.80688440
42.37422890 -71.80688350
42.37422790 -71.80688220
42.37422660 -71.80688080
42.37422510 -71.80687930
42.37422390 -71.80687800
42.37422300 -71.80687710
42.37422250 -71.80687680
42.37422210 -71.80687680
42.37422200 -71.80687700
42.37422190 -71.80687730
42.37422150 -71.80687750
42.37422110 -71.80687770
42.37422060 -71.80687780
42.37422000 -71.80687780
42.37421950 -71.80687780
42.37421900 -71.80687790
42.37421860 -71.80687790
42.37421850 -71.80687810
42.37421850 -71.80687820
42.37421850 -71.80687820
42.37421850 -71.80687830
42.37421840 -71.80687840
42.37421830 -71.80687850
42.37421800 -71.80687850
42.37421780 -71.80687860
42.37421740 -71.80687850
42.37421710 -71.80687830
42.37421680 -71.80687820
42.37421660 -71.80687810
42.37421660 -71.80687820
42.37421680 -71.80687830
42.37421680 -71.80687850
42.37421710 -71.80687860
42.37421740 -71.80687870
42.37421790 -71.80687860
42.37421840 -71.80687860
42.37421890 -71.80687850
42.37421940 -71.80687840
42.37421980 -71.80687810
42.37422020 -71.80687780
42.37422060 -71.80687750
42.37422090 -71.80687710
42.37422130 -71.80687670
42.37422150 -71.80687630
42.37422160 -71.80687590
42.37422150 -71.80687550
42.37422150 -71.80687510
42.37422120 -71.80687480
42.37422100 -71.80687450
42.37422080 -71.80687420
42.37422050 -71.80687390
42.37422000 -71.80687380
42.37421960 -71.80687360
42.37421930 -71.80687350
42.37421900 -71.80687340
42.37421880 -71.80687340
42.37421870 -71.80687360
42.37421860 -71.80687390
42.37421850 -71.80687410
42.37421820 -71.80687440
42.37421790 -71.80687460
42.37421760 -71.80687490
42.37421720 -71.80687530
42.37421680 -71.80687560
42.37421640 -71.80687600
42.37421600 -71.80687610
42.37421590 -71.80687620
42.37421590 -71.80687610
42.37421620 -71.80687560
42.37421680 -71.80687470
42.37421790 -71.80687340
42.37421940 -71.80687170
42.37422110 -71.80686970
42.37422320 -71.80686750
42.37422540 -71.80686520
42.37422790 -71.80686260
42.37423030 -71.80685970
42.37423300 -71.80685680
42.37423580 -71.80685360
42.37423850 -71.80685040
42.37424150 -71.80684690
42.37424460 -71.80684340
42.37424780 -71.80683980
42.37425110 -71.80683590
42.37425440 -71.80683180
42.37425780 -71.80682740
42.37426110 -71.80682280
42.37426470 -71.80681830
42.37426830 -71.80681360
42.37427190 -71.80680880
42.37427560 -71.80680400
42.37427920 -71.80679920
42.37428300 -71.80679440
42.37428670 -71.80678950
42.37429040 -71.80678450
42.37429400 -71.80677940
42.37429760 -71.80677420
42.37430120 -71.80676900
42.37430480 -71.80676390
42.37430850 -71.80675880
42.37431210 -71.80675380
42.37431580 -71.80674900
42.37431970 -71.80674420
42.37432350 -71.80673930
42.37432740 -71.80673450
42.37433130 -71.80672970
42.37433520 -71.80672480
42.37433910 -71.80671990
42.37434290 -71.80671500
42.37434680 -71.80671010
42.37435060 -71.80670520
42.37435440 -71.80670020
42.37435820 -71.80669530
42.37436190 -71.80669040
42.37436580 -71.80668550
42.37436970 -71.80668060
42.37437330 -71.80667560
42.37437720 -71.80667060
42.37438080 -71.80666570
42.37438430 -71.80666120
42.37438730 -71.80665710
42.37438990 -71.80665340
42.37439240 -71.80665020
42.37439450 -71.80664740
42.37439640 -71.80664500
42.37439810 -71.80664300
42.37439950 -71.80664130
42.37440070 -71.80664000
42.37440170 -71.80663900
42.37440240 -71.80663820
42.37440290 -71.80663760
42.37440330 -71.80663720
42.37440360 -71.80663670
42.37440390 -71.80663630
42.37440400 -71.80663600
42.37440430 -71.80663570
42.37440450 -71.80663530
42.37440450 -71.80663520
42.37440460 -71.80663520
42.37440490 -71.80663570
42.37440510 -71.80663610
42.37440520 -71.80663640
42.37440520 -71.80663680
42.37440530 -71.80663700
42.37440540 -71.80663720
42.37440560 -71.80663740
42.37440580 -71.80663760
42.37440610 -71.80663800
42.37440650 -71.80663840
42.37440680 -71.80663870
42.37440720 -71.80663900
42.37440760 -71.80663920
42.37440800 -71.80663940
42.37440820 -71.80663950
42.37440850 -71.80663960
42.37440860 -71.80663970
42.37440870 -71.80663960
42.37440870 -71.80663930
42.37440890 -71.80663900
42.37440890 -71.80663880
42.37440900 -71.80663850
42.37440910 -71.80663820
42.37440900 -71.80663780
42.37440890 -71.80663730
42.37440870 -71.80663690
42.37440840 -71.80663650
42.37440800 -71.80663620
42.37440750 -71.80663600
42.37440700 -71.80663580
42.37440650 -71.80663560
42.37440600 -71.80663560
42.37440550 -71.80663570
42.37440500 -71.80663580
42.37440460 -71.80663610
42.37440420 -71.80663640
42.37440370 -71.80663670
42.37440320 -71.80663710
42.37440280 -71.80663750
42.37440230 -71.80663790
42.37440180 -71.80663810
42.37440120 -71.80663830
42.37440080 -71.80663850
42.37440040 -71.80663860
42.37440000 -71.80663870
42.37439980 -71.80663880
42.37439950 -71.80663890
42.37439950 -71.80663920
42.37439980 -71.80663930
42.37440040 -71.80663890
42.37440130 -71.80663790
42.37440260 -71.80663640
42.37440400 -71.80663450
42.37440560 -71.80663230
42.37440750 -71.80662990
42.37440950 -71.80662730
42.37441180 -71.80662440
42.37441430 -71.80662120
42.37441710 -71.80661780
42.37442030 -71.80661400
42.37442350 -71.80660990
42.37442710 -71.80660540
42.37443070 -71.80660080
42.37443450 -71.80659580
42.37443850 -71.80659050
42.37444260 -71.80658530
42.37444690 -71.80657980
42.37445110 -71.80657420
42.37445550 -71.80656850
42.37445980 -71.80656260
42.37446430 -71.80655670
42.37446860 -71.80655070
42.37447310 -71.80654470
42.37447750 -71.80653840
42.37448190 -71.80653200
42.37448640 -71.80652560
42.37449060 -71.80651930
42.37449460 -71.80651360
42.37449810 -71.80650840
42.37450110 -71.80650400
42.37450380 -71.80650000
42.37450620 -71.80649640
42.37450840 -71.80649300
42.37451020 -71.80649000
42.37451200 -71.80648740
42.37451340 -71.80648500
42.37451470 -71.80648300
42.37451570 -71.80648140
42.37451650 -71.80648020
42.37451720 -71.80647940
42.37451790 -71.80647880
42.37451860 -71.80647780
42.37451980 -71.80647650
42.37452130 -71.80647470
42.37452330 -71.80647270
42.37452540 -71.80647050
42.37452740 -71.80646860
42.37452900 -71.80646720
42.37453030 -71.80646640
42.37453110 -71.80646590
42.37453150 -71.80646580
42.37453180 -71.80646580
42.37453180 -71.80646580
42.37453190 -71.80646570
42.37453200 -71.80646540
42.37453230 -71.80646520
42.37453250 -71.80646500
42.37453270 -71.80646480
42.37453300 -71.80646480
42.37453300 -71.80646470
42.37453310 -71.80646480
42.37453300 -71.80646500
42.37453280 -71.80646530
42.37453270 -71.80646560
42.37453260 -71.80646600
42.37453250 -71.80646650
42.37453230 -71.80646690
42.37453230 -71.80646740
42.37453230 -71.80646800
42.37453230 -71.80646850
42.37453260 -71.80646910
42.37453280 -71.80646970
42.37453320 -71.80647020
42.37453350 -71.80647050
42.37453390 -71.80647080
42.37453420 -71.80647090
42.37453450 -71.80647100
42.37453480 -71.80647110
42.37453500 -71.80647090
42.37453520 -71.80647070
42.37453520 -71.80647040
42.37453530 -71.80646990
42.37453530 -71.80646960
42.37453530 -71.80646920
42.37453510 -71.80646870
42.37453490 -71.80646830
42.37453460 -71.80646780
42.37453430 -71.80646740
42.37453390 -71.80646680
42.37453360 -71.80646640
42.37453350 -71.80646600
42.37453320 -71.80646570
42.37453300 -71.80646550
42.37453270 -71.80646520
42.37453250 -71.80646510
42.37453240 -71.80646500
42.37453210 -71.80646490
42.37453190 -71.80646500
42.37453180 -71.80646510
42.37453160 -71.80646520
42.37453130 -71.80646530
42.37453100 -71.80646540
42.37453100 -71.80646560
42.37453090 -71.80646580
42.37453080 -71.80646610
42.37453080 -71.80646630
42.37453080 -71.80646650
42.37453070 -71.80646650
42.37453060 -71.80646660
42.37453040 -71.80646650
42.37453030 -71.80646660
42.37453020 -71.80646650
42.37453010 -71.80646650
42.37453000 -71.80646650
42.37453010 -71.80646640
42.37453020 -71.80646630
42.37453000 -71.80646610
42.37452960 -71.80646540
42.37452870 -71.80646450
42.37452740 -71.80646320
42.37452570 -71.80646140
42.37452380 -71.80645950
42.37452220 -71.80645800
42.37452100 -71.80645680
42.37452040 -71.80645630
42.37452010 -71.80645620
42.37452060 -71.80645670
42.37452130 -71.80645770
42.37452250 -71.80645900
42.37452400 -71.80646060
42.37452590 -71.80646260
42.37452790 -71.80646490
42.37453030 -71.80646730
42.37453300 -71.80647000
42.37453590 -71.80647290
42.37453910 -71.80647600
42.37454250 -71.80647920
42.37454610 -71.80648270
42.37454990 -71.80648620
42.37455390 -71.80649000
42.37455810 -71.80649400
42.37456260 -71.80649820
42.37456720 -71.80650270
42.37457200 -71.80650710
42.37457680 -71.80651180
42.37458170 -71.80651650
42.37458650 -71.80652120
42.37459140 -71.80652580
42.37459640 -71.80653040
42.37460130 -71.80653520
42.37460640 -71.80654020
42.37461160 -71.80654520
42.37461690 -71.80655040
42.37462250 -71.80655560
42.37462800 -71.80656090
42.37463370 -71.80656640
42.37463950 -71.80657180
42.37464520 -71.80657730
42.37465070 -71.80658260
42.37465610 -71.80658750
42.37466070 -71.80659180
42.37466480 -71.80659550
42.37466870 -71.80659880
42.37467220 -71.80660180
42.37467540 -71.80660450
42.37467830 -71.80660700
42.37468100 -71.80660920
42.37468320 -71.80661120
42.37468520 -71.80661290
42.37468690 -71.80661430
42.37468830 -71.80661520
42.37468930 -71.80661600
42.37469020 -71.80661650
42.37469060 -71.80661680
42.37469090 -71.80661710
42.37469140 -71.80661730
42.37469170 -71.80661750
42.37469190 -71.80661770
42.37469220 -71.80661780
42.37469220 -71.80661780
42.37469210 -71.80661790
42.37469180 -71.80661800
42.37469160 -71.80661820
42.37469120 -71.80661830
42.37469090 -71.80661860
42.37469070 -71.80661880
42.37469060 -71.80661900
42.37469060 -71.80661930
42.37469070 -71.80661960
42.37469090 -71.80661990
42.37469110 -71.80662020
42.37469120 -71.80662060
42.37469130 -71.80662090
42.37469160 -71.80662110
42.37469180 -71.80662130
42.37469210 -71.80662130
42.37469220 -71.80662120
42.37469230 -71.80662100
42.37469240 -71.80662070
42.37469230 -71.80662020
42.37469230 -71.80661960
42.37469220 -71.80661910
42.37469210 -71.80661850
42.37469210 -71.80661800
42.37469180 -71.80661760
42.37469150 -71.80661720
42.37469120 -71.80661680
42.37469070 -71.80661640
42.37469020 -71.80661620
42.37468980 -71.80661610
42.37468940 -71.80661610
42.37468900 -71.80661600
42.37468860 -71.80661610
42.37468820 -71.80661610
42.37468790 -71.80661610
42.37468760 -71.80661610
42.37468730 -71.80661630
42.37468690 -71.80661640
42.37468670 -71.80661670
42.37468640 -71.80661720
42.37468610 -71.80661770
42.37468590 -71.80661820
42.37468560 -71.80661860
42.37468520 -71.80661870
42.37468490 -71.80661880
42.37468460 -71.80661890
42.37468420 -71.80661870
42.37468400 -71.80661870
42.37468370 -71.80661860
42.37468350 -71.80661860
42.37468340 -71.80661850
42.37468340 -71.80661860
42.37468350 -71.80661860
42.37468360 -71.80661890
42.37468360 -71.80661890
42.37468380 -71.80661900
42.37468370 -71.80661900
42.37468370 -71.80661890
42.37468370 -71.80661880
42.37468360 -71.80661870
42.37468350 -71.80661870
42.37468340 -71.80661850
42.37468340 -71.80661840
42.37468340 -71.80661820
42.37468330 -71.80661780
42.37468330 -71.80661740
42.37468330 -71.80661680
42.37468310 -71.80661630
42.37468280 -71.80661580
42.37468290 -71.80661520
42.37468290 -71.80661460
42.37468290 -71.80661400
42.37468330 -71.80661360
42.37468390 -71.80661350
42.37468470 -71.80661350
42.37468560 -71.80661370
42.37468630 -71.80661410
42.37468680 -71.80661460
42.37468710 -71.80661560
42.37468690 -71.80661730
42.37468620 -71.80662000
42.37468500 -71.80662350
42.37468340 -71.80662780
42.37468170 -71.80663250
42.37467980 -71.80663750
42.37467760 -71.80664300
42.37467540 -71.80664880
42.37467320 -71.80665500
42.37467100 -71.80666140
42.37466860 -71.80666820
42.37466620 -71.80667550
42.37466360 -71.80668300
42.37466090 -71.80669110
42.37465820 -71.80669940
42.37465530 -71.80670780
42.37465240 -71.80671640
42.37464930 -71.80672510
42.37464610 -71.80673360
42.37464280 -71.80674150
42.37463960 -71.80674820
42.37463670 -71.80675390
42.37463440 -71.80675880
42.37463220 -71.80676330
42.37463030 -71.80676740
42.37462860 -71.80677130
42.37462710 -71.80677490
42.37462590 -71.80677830
42.37462470 -71.80678140
42.37462380 -71.80678390
42.37462300 -71.80678610
42.37462260 -71.80678790
42.37462230 -71.80678930
42.37462200 -71.80679030
42.37462190 -71.80679130
42.37462170 -71.80679210
42.37462140 -71.80679280
42.37462120 -71.80679330
42.37462090 -71.80679370
42.37462030 -71.80679370
42.37461910 -71.80679320
42.37461740 -71.80679240
42.37461580 -71.80679150
42.37461460 -71.80679120
42.37461440 -71.80679170
42.37461510 -71.80679290
42.37461660 -71.80679480
42.37461860 -71.80679730
42.37462130 -71.80680020
42.37462430 -71.80680320
42.37462790 -71.80680650
42.37463180 -71.80680970
42.37463590 -71.80681270
42.37464060 -71.80681610
42.37464570 -71.80681940
42.37465120 -71.80682290
42.37465690 -71.80682660
42.37466210 -71.80683020
42.37466660 -71.80683310
42.37467040 -71.80683540
42.37467360 -71.80683710
42.37467640 -71.80683850
42.37467890 -71.80683960
42.37468150 -71.80684080
42.37468370 -71.80684160
42.37468580 -71.80684250
42.37468770 -71.80684320
42.37468890 -71.80684360
42.37468980 -71.80684370
42.37469040 -71.80684370
42.37469070 -71.80684370
42.37469100 -71.80684370
42.37469120 -71.80684370
42.37469150 -71.80684370
42.37469170 -71.80684370
42.37469200 -71.80684390
42.37469220 -71.80684390
42.37469230 -71.80684400
42.37469240 -71.80684400
42.37469250 -71.80684400
42.37469270 -71.80684420
42.37469290 -71.80684430
42.37469330 -71.80684450
42.37469370 -71.80684470
42.37469410 -71.80684500
42.37469450 -71.80684530
42.37469500 -71.80684550
42.37469540 -71.80684600
42.37469580 -71.80684650
42.37469590 -71.80684680
42.37469600 -71.80684700
42.37469600 -71.80684720
42.37469600 -71.80684710
42.37469610 -71.80684700
42.37469600 -71.80684660
42.37469590 -71.80684610
42.37469570 -71.80684550
42.37469550 -71.80684510
42.37469550 -71.80684480
42.37469560 -71.80684460
42.37469580 -71.80684440
42.37469600 -71.80684430
42.37469620 -71.80684450
42.37469620 -71.80684460
42.37469610 -71.80684480
42.37469590 -71.80684490
42.37469570 -71.80684490
42.37469560 -71.80684470
42.37469560 -71.80684460
42.37469540 -71.80684440
42.37469500 -71.80684440
42.37469450 -71.80684460
42.37469400 -71.80684490
42.37469350 -71.80684520
42.37469320 -71.80684540
42.37469300 -71.80684560
42.37469270 -71.80684570
42.37469240 -71.80684570
42.37469220 -71.80684570
42.37469200 -71.80684580
42.37469200 -71.80684590
42.37469190 -71.80684600
42.37469210 -71.80684630
42.37469220 -71.80684640
42.37469230 -71.80684650
42.37469240 -71.80684640
42.37469260 -71.80684640
42.37469270 -71.80684640
42.37469260 -71.80684620
42.37469270 -71.80684620
42.37469270 -71.80684630
42.37469270 -71.80684610
42.37469240 -71.80684600
42.37469200 -71.80684580
42.37469140 -71.80684570
42.37469060 -71.80684560
42.37468980 -71.80684540
42.37468910 -71.80684530
42.37468840 -71.80684500
42.37468760 -71.80684450
42.37468730 -71.80684430
42.37468690 -71.80684400
42.37468650 -71.80684370
42.37468610 -71.80684350
42.37468590 -71.80684350
42.37468570 -71.80684350
42.37468560 -71.80684360
42.37468570 -71.80684370
42.37468580 -71.80684380
42.37468590 -71.80684370
42.37468620 -71.80684370
42.37468650 -71.80684370
42.37468690 -71.80684370
42.37468730 -71.80684370
42.37468770 -71.80684370
42.37468790 -71.80684430
42.37468800 -71.80684560
42.37468780 -71.80684760
42.37468740 -71.80685050
42.37468680 -71.80685390
42.37468610 -71.80685780
42.37468520 -71.80686200
42.37468430 -71.80686660
42.37468310 -71.80687150
42.37468220 -71.80687680
42.37468090 -71.80688230
42.37467950 -71.80688810
42.37467800 -71.80689430
42.37467650 -71.80690100
42.37467470 -71.80690820
42.37467280 -71.80691560
42.37467090 -71.80692340
42.37466890 -71.80693150
42.37466690 -71.80693970
42.37466490 -71.80694810
42.37466280 -71.80695680
42.37466080 -71.80696540
42.37465860 -71.80697400
42.37465630 -71.80698250
42.37465410 -71.80699130
42.37465190 -71.80700010
42.37464990 -71.80700920
42.37464770 -71.80701840
42.37464570 -71.80702770
42.37464370 -71.80703660
42.37464190 -71.80704470
42.37464040 -71.80705170
42.37463910 -71.80705790
42.37463760 -71.80706350
42.37463630 -71.80706890
42.37463480 -71.80707440
42.37463330 -71.80707960
42.37463180 -71.80708450
42.37463040 -71.80708890
42.37462920 -71.80709260
42.37462820 -71.80709560
42.37462740 -71.80709820
42.37462720 -71.80710030
42.37462700 -71.80710180
42.37462690 -71.80710280
42.37462690 -71.80710340
42.37462690 -71.80710370
42.37462690 -71.80710390
42.37462680 -71.80710400
42.37462670 -71.80710400
42.37462660 -71.80710390
42.37462650 -71.80710380
42.37462620 -71.80710360
42.37462610 -71.80710370
42.37462570 -71.80710340
42.37462560 -71.80710330
42.37462560 -71.80710340
42.37462550 -71.80710320
42.37462550 -71.80710300
42.37462560 -71.80710290
42.37462550 -71.80710250
42.37462550 -71.80710200
42.37462560 -71.80710160
42.37462560 -71.80710100
42.37462580 -71.80710040
42.37462610 -71.80709980
42.37462650 -71.80709930
42.37462680 -71.80709860
42.37462720 -71.80709810
42.37462770 -71.80709760
42.37462800 -71.80709720
42.37462830 -71.80709680
42.37462860 -71.80709640
42.37462870 -71.80709620
42.37462910 -71.80709590
42.37462930 -71.80709560
42.37462950 -71.80709530
42.37462970 -71.80709500
42.37462980 -71.80709470
42.37463000 -71.80709460
42.37463020 -71.80709460
42.37463030 -71.80709460
42.37463040 -71.80709470
42.37463040 -71.80709500
42.37463050 -71.80709510
42.37463060 -71.80709520
42.37463060 -71.80709510
42.37463000 -71.80709470
42.37462860 -71.80709420
42.37462630 -71.80709350
42.37462330 -71.80709260
42.37461960 -71.80709150
42.37461550 -71.80709020
42.37461130 -71.80708890
42.37460660 -71.80708750
42.37460180 -71.80708630
42.37459670 -71.80708550
42.37459120 -71.80708460
42.37458560 -71.80708400
42.37457980 -71.80708340
42.37457380 -71.80708280
42.37456790 -71.80708210
42.37456260 -71.80708140
42.37455800 -71.80708070
42.37455400 -71.80707980
42.37455060 -71.80707910
42.37454770 -71.80707830
42.37454520 -71.80707750
42.37454320 -71.80707660
42.37454160 -71.80707560
42.37454020 -71.80707450
42.37453850 -71.80707330
42.37453640 -71.80707180
42.37453400 -71.80707000
42.37453160 -71.80706810
42.37452980 -71.80706630
42.37452850 -71.80706470
42.37452750 -71.80706330
42.37452710 -71.80706220
42.37452680 -71.80706130
42.37452600 -71.80706040
42.37452410 -71.80705930
42.37452130 -71.80705800
42.37451770 -71.80705670
42.37451340 -71.80705530
42.37450890 -71.80705410
42.37450410 -71.80705300
42.37449920 -71.80705210
42.37449480 -71.80705160
42.37449100 -71.80705130
42.37448780 -71.80705140
42.37448480 -71.80705180
42.37448230 -71.80705260
42.37447980 -71.80705380
42.37447760 -71.80705530
42.37447580 -71.80705710
42.37447420 -71.80705910
42.37447280 -71.80706110
42.37447170 -71.80706310
42.37447070 -71.80706520
42.37446960 -71.80706720
42.37446860 -71.80706900
42.37446760 -71.80707080
42.37446680 -71.80707230
42.37446610 -71.80707370
42.37446540 -71.80707500
42.37446510 -71.80707610
42.37446470 -71.80707710
42.37446460 -71.80707790
42.37446440 -71.80707840
42.37446420 -71.80707870
42.37446410 -71.80707900
42.37446400 -71.80707910
42.37446370 -71.80707890
42.37446340 -71.80707850
42.37446320 -71.80707820
42.37446310 -71.80707760
42.37446310 -71.80707710
42.37446350 -71.80707670
42.37446410 -71.80707620
42.37446490 -71.80707590
42.37446570 -71.80707570
42.37446650 -71.80707550
42.37446730 -71.80707520
42.37446800 -71.80707460
42.37446860 -71.80707400
42.37446910 -71.80707320
42.37446970 -71.80707230
42.37447010 -71.80707120
42.37447050 -71.80707010
42.37447090 -71.80706910
42.37447140 -71.80706800
42.37447160 -71.80706700
42.37447200 -71.80706600
42.37447210 -71.80706510
42.37447220 -71.80706430
42.37447220 -71.80706360
42.37447210 -71.80706280
42.37447200 -71.80706200
42.37447190 -71.80706140
42.37447160 -71.80706100
42.37447130 -71.80706080
42.37447100 -71.80706080
42.37447060 -71.80706080
42.37447020 -71.80706070
42.37446990 -71.80706050
42.37446950 -71.80706030
42.37446910 -71.80706010
42.37446880 -71.80706000
42.37446850 -71.80705970
42.37446820 -71.80705950
42.37446810 -71.80705950
42.37446810 -71.80705960
42.37446810 -71.80705980
42.37446820 -71.80706020
42.37446830 -71.80706050
42.37446830 -71.80706090
42.37446840 -71.80706120
42.37446840 -71.80706170
42.37446850 -71.80706190
42.37446860 -71.80706230
42.37446870 -71.80706260
42.37446880 -71.80706280
42.37446900 -71.80706300
42.37446900 -71.80706300
42.37446910 -71.80706300
42.37446930 -71.80706300
42.37446950 -71.80706280
42.37446960 -71.80706260
42.37446980 -71.80706240
42.37446990 -71.80706220
42.37447020 -71.80706190
42.37447020 -71.80706170
42.37447020 -71.80706140
42.37447030 -71.80706110
42.37447030 -71.80706070
42.37447040 -71.80706050
42.37447050 -71.80706020
42.37447060 -71.80705990
42.37447070 -71.80705970
42.37447080 -71.80705960
42.37447090 -71.80705940
42.37447090 -71.80705940
42.37447080 -71.80705920
42.37447080 -71.80705910
42.37447090 -71.80705900
42.37447080 -71.80705900
42.37447090 -71.80705890
42.37447090 -71.80705890
42.37447080 -71.80705890
42.37447080 -71.80705900
42.37447080 -71.80705900
42.37447060 -71.80705920
42.37447070 -71.80705930
42.37447070 -71.80705920
42.37447080 -71.80705880
42.37447110 -71.80705770
42.37447160 -71.80705550
42.37447240 -71.80705270
42.37447340 -71.80704920
42.37447440 -71.80704530
42.37447550 -71.80704110
42.37447660 -71.80703660
42.37447760 -71.80703180
42.37447850 -71.80702670
42.37447960 -71.80702130
42.37448070 -71.80701570
42.37448180 -71.80700990
42.37448300 -71.80700380
42.37448410 -71.80699770
42.37448530 -71.80699130
42.37448650 -71.80698480
42.37448760 -71.80697850
42.37448870 -71.80697270
42.37448960 -71.80696750
42.37449030 -71.80696290
42.37449100 -71.80695890
42.37449160 -71.80695540
42.37449210 -71.80695230
42.37449260 -71.80694970
42.37449300 -71.80694740
42.37449340 -71.80694570
42.37449380 -71.80694430
42.37449400 -71.80694340
42.37449420 -71.80694280
42.37449410 -71.80694240
42.37449420 -71.80694210
42.37449430 -71.80694190
42.37449430 -71.80694150
42.37449450 -71.80694120
42.37449470 -71.80694100
42.37449510 -71.80694100
42.37449560 -71.80694110
42.37449590 -71.80694130
42.37449620 -71.80694150
42.37449640 -71.80694160
42.37449660 -71.80694160
42.37449680 -71.80694150
42.37449670 -71.80694160
42.37449660 -71.80694170
42.37449630 -71.80694150
42.37449610 -71.80694160
42.37449580 -71.80694180
42.37449560 -71.80694200
42.37449550 -71.80694250
42.37449550 -71.80694300
42.37449520 -71.80694380
42.37449500 -71.80694460
42.37449460 -71.80694530
42.37449430 -71.80694600
42.37449420 -71.80694660
42.37449390 -71.80694720
42.37449360 -71.80694770
42.37449350 -71.80694810
42.37449340 -71.80694780
42.37449350 -71.80694670
42.37449380 -71.80694480
42.37449420 -71.80694200
42.37449480 -71.80693850
42.37449560 -71.80693460
42.37449650 -71.80693030
42.37449760 -71.80692550
42.37449870 -71.80692020
42.37449990 -71.80691450
42.37450110 -71.80690870
42.37450240 -71.80690270
42.37450340 -71.80689690
42.37450450 -71.80689150
42.37450550 -71.80688670
42.37450630 -71.80688230
42.37450680 -71.80687830
42.37450730 -71.80687490
42.37450770 -71.80687190
42.37450820 -71.80686920
42.37450860 -71.80686730
42.37450910 -71.80686570
42.37450990 -71.80686450
42.37451060 -71.80686350
42.37451120 -71.80686250
42.37451130 -71.80686140
42.37451120 -71.80686030
42.37451100 -71.80685910
42.37451110 -71.80685840
42.37451110 -71.80685800
42.37451120 -71.80685780
42.37451130 -71.80685790
42.37451130 -71.80685790
42.37451110 -71.80685810
42.37451100 -71.80685820
42.37451090 -71.80685850
42.37451090 -71.80685870
42.37451080 -71.80685880
42.37451070 -71.80685910
42.37451070 -71.80685920
42.37451080 -71.80685950
42.37451080 -71.80685980
42.37451100 -71.80685990
42.37451130 -71.80686030
42.37451140 -71.80686050
42.37451170 -71.80686080
42.37451190 -71.80686100
42.37451210 -71.80686110
42.37451250 -71.80686120
42.37451270 -71.80686120
42.37451300 -71.80686110
42.37451310 -71.80686090
42.37451330 -71.80686070
42.37451340 -71.80686050
42.37451370 -71.80686020
42.37451400 -71.80685990
42.37451430 -71.80685980
42.37451460 -71.80685960
42.37451480 -71.80685940
42.37451500 -71.80685940
42.37451520 -71.80685930
42.37451530 -71.80685920
42.37451550 -71.80685920
42.37451570 -71.80685910
42.37451560 -71.80685890
42.37451580 -71.80685880
42.37451570 -71.80685850
42.37451550 -71.80685830
42.37451530 -71.80685780
42.37451490 -71.80685750
42.37451470 -71.80685720
42.37451420 -71.80685750
42.37451330 -71.80685840
42.37451180 -71.80685990
42.37451040 -71.80686140
42.37450930 -71.80686270
42.37450850 -71.80686310
42.37450790 -71.80686350
42.37450680 -71.80686470
42.37450540 -71.80686630
42.37450340 -71.80686870
42.37450080 -71.80687140
42.37449790 -71.80687470
42.37449470 -71.80687850
42.37449120 -71.80688260
42.37448750 -71.80688710
42.37448370 -71.80689170
42.37447960 -71.80689670
42.37447580 -71.80690180
42.37447210 -71.80690640
42.37446910 -71.80691070
42.37446650 -71.80691440
42.37446430 -71.80691770
42.37446240 -71.80692080
42.37446080 -71.80692350
42.37445930 -71.80692590
42.37445820 -71.80692810
42.37445680 -71.80692970
42.37445520 -71.80693070
42.37445310 -71.80693090
42.37445070 -71.80693040
42.37444840 -71.80692980
42.37444620 -71.80692900
42.37444370 -71.80692770
42.37444080 -71.80692570
42.37443790 -71.80692340
42.37443530 -71.80692120
42.37443300 -71.80691950
42.37443110 -71.80691830
42.37442960 -71.80691750
42.37442870 -71.80691680
42.37442760 -71.80691650
42.37442700 -71.80691640
42.37442660 -71.80691630
42.37442620 -71.80691620
42.37442550 -71.80691610
42.37442520 -71.80691600
42.37442490 -71.80691600
42.37442450 -71.80691580
42.37442430 -71.80691580
42.37442430 -71.80691560
42.37442400 -71.80691530
42.37442410 -71.80691520
42.37442380 -71.80691510
42.37442390 -71.80691500
42.37442370 -71.80691460
42.37442390 -71.80691430
42.37442390 -71.80691410
42.37442380 -71.80691390
42.37442370 -71.80691370
42.37442410 -71.80691350
42.37442380 -71.80691320
42.37442350 -71.80691310
42.37442340 -71.80691290
42.37442380 -71.80691290
42.37442410 -71.80691290
42.37442410 -71.80691270
42.37442420 -71.80691280
42.37442430 -71.80691260
42.37442460 -71.80691250
42.37442470 -71.80691250
42.37442480 -71.80691240
42.37442480 -71.80691230
42.37442510 -71.80691210
42.37442510 -71.80691220
42.37442540 -71.80691220
42.37442570 -71.80691220
42.37442590 -71.80691210
42.37442600 -71.80691230
42.37442580 -71.80691230
42.37442540 -71.80691230
42.37442540 -71.80691240
42.37442540 -71.80691260
42.37442530 -71.80691270
42.37442540 -71.80691280
42.37442560 -71.80691310
42.37442560 -71.80691340
42.37442590 -71.80691320
42.37442550 -71.80691340
42.37442630 -71.80691400
42.37442670 -71.80691400
42.37442680 -71.80691400
42.37442680 -71.80691360
42.37442750 -71.80691380
42.37442760 -71.80691360
42.37442750 -71.80691390
42.37442740 -71.80691390
42.37442780 -71.80691390
42.37442850 -71.80691390
42.37442880 -71.80691390
42.37442870 -71.80691410
42.37442850 -71.80691370
42.37442850 -71.80691370
42.37442780 -71.80691350
42.37442770 -71.80691340
42.37442660 -71.80691350
42.37442580 -71.80691350
42.37442520 -71.80691380
42.37442460 -71.80691400
42.37442360 -71.80691490
42.37442250 -71.80691580
42.37442170 -71.80691650
42.37442120 -71.80691710
42.37442090 -71.80691750
42.37442070 -71.80691770
42.37442090 -71.80691760
42.37442140 -71.80691740
42.37442240 -71.80691680
42.37442410 -71.80691640
42.37442520 -71.80691540
42.37442660 -71.80691500
42.37442810 -71.80691300
42.37442880 -71.80691250
42.37442940 -71.80691160
42.37442990 -71.80691110
42.37443030 -71.80691070
42.37443060 -71.80691010
42.37443070 -71.80690990
42.37443070 -71.80691000
42.37443030 -71.80690990
42.37442990 -71.80690990
42.37442950 -71.80691020
42.37442950 -71.80691080
42.37442870 -71.80691060
42.37442860 -71.80691070
42.37442790 -71.80691070
42.37442660 -71.80691140
42.37442580 -71.80691180
42.37442580 -71.80691210
42.37442570 -71.80691250
42.37442580 -71.80691280
42.37442600 -71.80691290
42.37442610 -71.80691310
42.37442630 -71.80691300
42.37442640 -71.80691300
42.37442630 -71.80691290
42.37442650 -71.80691290
42.37442630 -71.80691280
42.37442570 -71.80691280
42.37442520 -71.80691270
42.37442520 -71.80691260
42.37442470 -71.80691270
42.37442420 -71.80691270
42.37442380 -71.80691290
42.37442370 -71.80691240
42.37442340 -71.80691250
42.37442280 -71.80691230
42.37442280 -71.80691270
42.37442280 -71.80691300
42.37442280 -71.80691300
42.37442300 -71.80691250
42.37442350 -71.80691210
42.37442360 -71.80691170
42.37442360 -71.80691170
42.37442360 -71.80691180
42.37442390 -71.80691130
42.37442420 -71.80691070
42.37442430 -71.80691050
42.37442440 -71.80691040
42.37442480 -71.80691020
42.37442500 -71.80691070
42.37442490 -71.80691080
42.37442480 -71.80691130
42.37442300 -71.80691250
42.37442080 -71.80691370
42.37441770 -71.80691530
42.37441430 -71.80691750
42.37441090 -71.80691970
42.37440670 -71.80692230
42.37440250 -71.80692490
42.37439780 -71.80692780
42.37439450 -71.80692980
42.37439250 -71.80693120
42.37439070 -71.80693180
42.37439070 -71.80693180
42.37439300 -71.80693060
42.37439780 -71.80692770
42.37440550 -71.80692390
42.37441190 -71.80692210
42.37441650 -71.80692120
42.37441770 -71.80692160
42.37442070 -71.80692140
42.37442470 -71.80692220
42.37442940 -71.80692480
42.37443460 -71.80692590
42.37443800 -71.80692640
42.37444140 -71.80692960
42.37444460 -71.80693520
42.37444610 -71.80694100
42.37444750 -71.80694680
42.37444870 -71.80694680
42.37445070 -71.80694410
42.37444540 -71.80694420
42.37444270 -71.80694560
42.37444450 -71.80694390
42.37444610 -71.80694300
42.37444380 -71.80694620
42.37444490 -71.80694420
42.37444440 -71.80694370
42.37444280 -71.80694120
42.37443830 -71.80693860
42.37443190 -71.80693660
42.37442600 -71.80693400
42.37442140 -71.80692950
42.37441740 -71.80692320
42.37441200 -71.80691680
42.37440910 -71.80691520
42.37441100 -71.80691850
42.37441030 -71.80692070
42.37441150 -71.80692070
42.37441150 -71.80692200
42.37441110 -71.80692280
42.37441150 -71.80692450
42.37441150 -71.80692550
42.37441740 -71.80692760
42.37442340 -71.80692990
42.37442780 -71.80693050
42.37442940 -71.80692460
42.37443020 -71.80691290
42.37443870 -71.80690910
42.37444630 -71.80690500
42.37445110 -71.80689630
42.37446240 -71.80688390
42.37447800 -71.80687400
42.37449100 -71.80686550
42.37450100 -71.80685590
42.37450750 -71.80684840
42.37451170 -71.80684110
42.37451780 -71.80683590
42.37452150 -71.80683360
42.37452590 -71.80683580
42.37452970 -71.80683600
42.37453280 -71.80683620
42.37453580 -71.80683710
42.37453980 -71.80683980
42.37453770 -71.80684240
42.37453530 -71.80684570
42.37452460 -71.80684810
42.37451340 -71.80685040
42.37449550 -71.80685120
42.37447290 -71.80685200
42.37445740 -71.80685260
42.37444040 -71.80685400
42.37442270 -71.80685520
42.37440650 -71.80685770
42.37439230 -71.80685790
42.37437890 -71.80685810
42.37436990 -71.80685860
42.37436140 -71.80685950
42.37435410 -71.80686120
42.37434950 -71.80686250
42.37434910 -71.80686340
42.37435050 -71.80686470
42.37434800 -71.80686520
42.37434540 -71.80686690
42.37434230 -71.80686870
42.37434440 -71.80686990
42.37434690 -71.80687130
42.37435300 -71.80687290
42.37435790 -71.80687400
42.37437440 -71.80687370
42.37438550 -71.80687380
42.37439280 -71.80687340
42.37439880 -71.80687350
42.37440350 -71.80687350
42.37440680 -71.80687300
42.37440890 -71.80687260
42.37441110 -71.80687200
42.37441290 -71.80687380
42.37441330 -71.80687530
42.37441410 -71.80687700
42.37441390 -71.80687900
42.37441350 -71.80688230
42.37441490 -71.80688230
42.37441510 -71.80688280
42.37441490 -71.80688440
42.37441530 -71.80688450
42.37441610 -71.80688490
42.37441390 -71.80688790
42.37441220 -71.80688910
42.37441150 -71.80688870
42.37441090 -71.80688810
42.37441000 -71.80688860
42.37440970 -71.80688870
42.37440960 -71.80688800
42.37440950 -71.80688820
42.37440970 -71.80688800
42.37440980 -71.80688840
42.37440930 -71.80688890
42.37440910 -71.80688880
42.37440900 -71.80688880
42.37440890 -71.80688900
42.37440910 -71.80688940
42.37441030 -71.80688960
42.37441190 -71.80688960
42.37441310 -71.80689000
42.37441470 -71.80689020
42.37441550 -71.80689030
42.37441610 -71.80688980
42.37441680 -71.80688980
42.37441790 -71.80688950
42.37441940 -71.80688900
42.37441940 -71.80688830
42.37442530 -71.80688610
42.37443250 -71.80688300
42.37443970 -71.80688010
42.37445140 -71.80687610
42.37446370 -71.80687180
42.37447540 -71.80686780
42.37448840 -71.80686330
42.37450010 -71.80685910
42.37451130 -71.80685480
42.37452350 -71.80684960
42.37453730 -71.80684480
42.37454930 -71.80684040
42.37456220 -71.80683480
42.37457570 -71.80683000
42.37458690 -71.80682590
42.37459290 -71.80682380
42.37459730 -71.80682220
42.37460200 -71.80682090
42.37460480 -71.80681890
42.37460620 -71.80681800
42.37460770 -71.80681660
42.37461020 -71.80681560
42.37461110 -71.80681500
42.37461020 -71.80681560
42.37460830 -71.80681670
42.37460520 -71.80681760
42.37460120 -71.80681950
42.37460390 -71.80681950
42.37461070 -71.80681800
42.37462850 -71.80681360
42.37464550 -71.80681040
42.37466170 -71.80680660
42.37467840 -71.80680220
42.37469330 -71.80679780
42.37470620 -71.80679470
42.37471270 -71.80679140
42.37471910 -71.80678820
42.37471710 -71.80678520
42.37471540 -71.80678280
42.37471040 -71.80678380
42.37470630 -71.80678500
42.37470290 -71.80678670
42.37469960 -71.80678770
42.37469550 -71.80678950
42.37469150 -71.80679110
42.37468750 -71.80679270
42.37468330 -71.80679440
42.37467960 -71.80679630
42.37467530 -71.80679850
42.37467140 -71.80680090
42.37466790 -71.80680370
42.37466370 -71.80681030
42.37466040 -71.80681240
42.37465690 -71.80681410
42.37465360 -71.80681640
42.37465110 -71.80681700
42.37464870 -71.80681750
42.37464670 -71.80681720
42.37464510 -71.80681670
42.37464260 -71.80681700
42.37463970 -71.80681830
42.37463760 -71.80681810
42.37463480 -71.80681800
42.37463220 -71.80681800
42.37462980 -71.80681680
42.37462750 -71.80681580
42.37462520 -71.80681500
42.37462300 -71.80681440
42.37462070 -71.80681460
42.37461880 -71.80681410
42.37461670 -71.80681300
42.37461510 -71.80681300
42.37461360 -71.80681310
42.37461240 -71.80681340
42.37461120 -71.80681440
42.37461030 -71.80681430
42.37460960 -71.80681320
42.37461220 -71.80681160
42.37461670 -71.80680960
42.37462280 -71.80680680
42.37462970 -71.80680420
42.37463810 -71.80679980
42.37464570 -71.80679540
42.37465320 -71.80679090
42.37465060 -71.80678920
42.37465020 -71.80678810
42.37465000 -71.80678700
42.37465290 -71.80678470
42.37465550 -71.80678360
42.37465750 -71.80678280
42.37465960 -71.80678190
42.37466070 -71.80678170
42.37465860 -71.80678210
42.37465610 -71.80678280
42.37465390 -71.80678320
42.37465180 -71.80678180
42.37465430 -71.80677970
42.37465790 -71.80677720
42.37466170 -71.80677460
42.37466700 -71.80677040
42.37467390 -71.80676500
42.37468050 -71.80675850
42.37468640 -71.80675380
42.37469420 -71.80674860
42.37470400 -71.80674280
42.37471530 -71.80673650
42.37473060 -71.80673000
42.37474780 -71.80672360
42.37476810 -71.80671670
42.37478660 -71.80670850
42.37480660 -71.80669980
42.37482570 -71.80668970
42.37484560 -71.80668050
42.37486530 -71.80667180
42.37488370 -71.80666360
42.37489990 -71.80665620
42.37491690 -71.80665010
42.37493170 -71.80664300
42.37494550 -71.80663460
42.37496330 -71.80662520
42.37498120 -71.80661420
42.37500100 -71.80660070
42.37500540 -71.80659710
42.37500950 -71.80659630
42.37501130 -71.80659550
42.37501100 -71.80659540
42.37501190 -71.80659570
42.37501310 -71.80659610
42.37501310 -71.80659670
42.37501340 -71.80659840
42.37501320 -71.80659930
42.37502280 -71.80659410
42.37503380 -71.80658660
42.37505550 -71.80657260
42.37507920 -71.80655810
42.37510250 -71.80654400
42.37512680 -71.80652950
42.37515230 -71.80651670
42.37516020 -71.80651340
42.37516790 -71.80651070
42.37517000 -71.80651010
42.37517170 -71.80650950
42.37517230 -71.80650950
42.37517240 -71.80651000
42.37517040 -71.80651100
42.37516780 -71.80651220
42.37516370 -71.80651580
42.37516060 -71.80651850
42.37515570 -71.80652300
42.37514910 -71.80652670
42.37514200 -71.80653100
42.37513390 -71.80653610
42.37512770 -71.80654290
42.37512250 -71.80654710
42.37511700 -71.80655080
42.37511160 -71.80655410
42.37510620 -71.80655730
42.37510450 -71.80655890
42.37510500 -71.80655950
42.37510710 -71.80655930
42.37511600 -71.80655660
42.37512350 -71.80655410
42.37512850 -71.80655220
42.37513280 -71.80655030
42.37513770 -71.80654840
42.37514220 -71.80654610
42.37514660 -71.80654410
42.37515070 -71.80654220
42.37515460 -71.80653280
42.37515670 -71.80652430
42.37515650 -71.80651840
42.37514970 -71.80651580
42.37514470 -71.80651320
42.37513940 -71.80651140
42.37513390 -71.80651100
42.37512800 -71.80651180
42.37512160 -71.80651440
42.37511510 -71.80651870
42.37510830 -71.80652470
42.37510080 -71.80653090
42.37509540 -71.80653410
42.37509370 -71.80653680
42.37509230 -71.80653980
42.37509130 -71.80654360
42.37509030 -71.80654820
42.37508920 -71.80655300
42.37508780 -71.80655730
42.37508730 -71.80656520
42.37508640 -71.80657260
42.37508540 -71.80658040
42.37508450 -71.80658740
42.37508400 -71.80659420
42.37508700 -71.80660230
42.37508960 -71.80661060
42.37509240 -71.80661930
42.37509500 -71.80662790
42.37509730 -71.80663660
42.37509950 -71.80664520
42.37510140 -71.80665370
42.37510120 -71.80666160
42.37510060 -71.80666940
42.37509970 -71.80667700
42.37509860 -71.80668460
42.37509720 -71.80669220
42.37509580 -71.80669990
42.37509610 -71.80670710
42.37509640 -71.80671460
42.37509660 -71.80672240
42.37509700 -71.80672850
42.37509740 -71.80673450
42.37509790 -71.80674050
42.37509830 -71.80674660
42.37509880 -71.80675260
42.37509920 -71.80675860
42.37509960 -71.80676470
42.37510010 -71.80677070
42.37510050 -71.80677680
42.37510100 -71.80678280
42.37510140 -71.80678880
42.37510180 -71.80679490
42.37510230 -71.80680090
42.37510270 -71.80680700
42.37510320 -71.80681300
42.37510360 -71.80681900
42.37510400 -71.80682510
42.37504010 -71.80680520
42.37497800 -71.80680130
42.37488830 -71.80681070
42.37479710 -71.80682630
42.37470440 -71.80687240
42.37462710 -71.80689750
42.37456470 -71.80691240
42.37452080 -71.80691530
42.37448980 -71.80691480
42.37446960 -71.80691700
42.37445160 -71.80690770
42.37443640 -71.80689390
42.37441750 -71.80687850
42.37440240 -71.80686240
42.37438930 -71.80684730
42.37437960 -71.80683160
42.37437150 -71.80681200
42.37436620 -71.80679570
42.37436440 -71.80678000
42.37436320 -71.80676480
42.37436610 -71.80675450
42.37436830 -71.80674460
42.37436710 -71.80673530
42.37436320 -71.80672370
42.37436000 -71.80671370
42.37435740 -71.80670550
42.37435550 -71.80670320
42.37435720 -71.80670340
42.37436010 -71.80670790
42.37436180 -71.80671110
42.37436110 -71.80670670
42.37436100 -71.80670180
42.37435830 -71.80669460
42.37435180 -71.80668500
42.37434370 -71.80667220
42.37434190 -71.80667500
42.37434210 -71.80667970
42.37434450 -71.80668730
42.37434430 -71.80668600
42.37434500 -71.80668990
42.37434550 -71.80669410
42.37434640 -71.80669690
42.37434430 -71.80669830
42.37434040 -71.80669850
42.37433670 -71.80669640
42.37433120 -71.80669140
42.37432970 -71.80668950
42.37432580 -71.80668730
42.37431670 -71.80667910
42.37430850 -71.80666910
42.37430330 -71.80666370
42.37429680 -71.80665700
42.37429340 -71.80665370
42.37429080 -71.80665530
42.37428970 -71.80665600
42.37428770 -71.80665620
42.37428870 -71.80665820
42.37428900 -71.80666040
42.37428970 -71.80666240
42.37429040 -71.80666570
